s,kW,kW,kW,kW,kW,kW,kW,kW,kW,kg/s,kg/s,kg/s,kg/s
Time,HRR,Q_RADI,Q_CONV,Q_COND,Q_DIFF,Q_PRES,Q_PART,Q_ENTH,Q_TOTAL,MLR_AIR,MLR_METHANOL,MLR_PRODUCTS,MLR_WATER VAPOR
 0.0000000E+000, 0.0000000E+000,-5.4812193E-002,-1.4000050E-009, 0.0000000E+000, 0.0000000E+000, 0.0000000E+000, 0.0000000E+000, 0.0000000E+000,-5.4812194E-002, 0.0000000E+000, 0.0000000E+000, 0.0000000E+000, 0.0000000E+000
 6.2600762E-001, 6.9009547E+000,-2.0047653E+000,-1.2551116E-002,-1.2916005E-001, 1.7814675E-004, 0.0000000E+000, 0.0000000E+000, 3.9430469E+000, 4.7546563E+000, 0.0000000E+000, 4.0187406E-004, 0.0000000E+000, 0.0000000E+000
 1.2083760E+000, 1.8773012E+001,-2.8412935E+000,-8.9465677E-002,-2.5215409E-001, 4.9635594E-004, 0.0000000E+000, 0.0000000E+000, 1.5266694E+001, 1.5590595E+001, 0.0000000E+000, 9.1267786E-004, 0.0000000E+000, 0.0000000E+000
 1.8023380E+000, 2.3525647E+001,-3.1082706E+000,-1.2073813E-001,-4.0652217E-001, 5.9801295E-004, 0.0000000E+000, 0.0000000E+000, 1.9474103E+001, 1.9890714E+001, 0.0000000E+000, 1.1454204E-003, 0.0000000E+000, 0.0000000E+000
 2.4024670E+000, 2.6027682E+001,-3.4161277E+000,-1.4437223E-001,-7.5310982E-001, 6.7450677E-004, 0.0000000E+000, 0.0000000E+000, 2.1448348E+001, 2.1714747E+001, 0.0000000E+000, 1.2306003E-003, 0.0000000E+000, 0.0000000E+000
 3.0013275E+000, 2.6123554E+001,-3.4739124E+000,-1.4417671E-001,-1.1631502E+000, 6.8257541E-004, 0.0000000E+000, 0.0000000E+000, 2.1092158E+001, 2.1342997E+001, 0.0000000E+000, 1.2579309E-003, 0.0000000E+000, 0.0000000E+000
 3.6002998E+000, 2.6615058E+001,-3.5750189E+000,-1.4409869E-001,-1.4517116E+000, 6.7457538E-004, 0.0000000E+000, 0.0000000E+000, 2.1065003E+001, 2.1444904E+001, 0.0000000E+000, 1.2662908E-003, 0.0000000E+000, 0.0000000E+000
 4.2010012E+000, 2.6275929E+001,-3.5490244E+000,-1.3964641E-001,-1.7054543E+000, 6.5825607E-004, 0.0000000E+000, 0.0000000E+000, 2.0374038E+001, 2.0882462E+001, 0.0000000E+000, 1.2688289E-003, 0.0000000E+000, 0.0000000E+000
 4.8013792E+000, 2.6856844E+001,-3.6611645E+000,-1.4107603E-001,-1.8592423E+000, 6.6453219E-004, 0.0000000E+000, 0.0000000E+000, 2.0768464E+001, 2.1196026E+001, 0.0000000E+000, 1.2695951E-003, 0.0000000E+000, 0.0000000E+000
 5.4018798E+000, 2.6533108E+001,-3.6809801E+000,-1.3791209E-001,-2.2944302E+000, 6.6329301E-004, 0.0000000E+000, 0.0000000E+000, 2.0048155E+001, 2.0420449E+001, 0.0000000E+000, 1.2698254E-003, 0.0000000E+000, 0.0000000E+000
 6.0028443E+000, 2.6835323E+001,-3.7602157E+000,-1.3758180E-001,-2.4812542E+000, 6.5946926E-004, 0.0000000E+000, 0.0000000E+000, 2.0039628E+001, 2.0456931E+001, 0.0000000E+000, 1.2698949E-003, 0.0000000E+000, 0.0000000E+000
 6.6006680E+000, 2.6569751E+001,-3.7387545E+000,-1.3388883E-001,-2.7194491E+000, 6.5826447E-004, 0.0000000E+000, 0.0000000E+000, 1.9515001E+001, 1.9978317E+001, 0.0000000E+000, 1.2699157E-003, 0.0000000E+000, 0.0000000E+000
 7.2011890E+000, 2.6615340E+001,-3.7925154E+000,-1.3268416E-001,-2.9618899E+000, 6.5800361E-004, 0.0000000E+000, 0.0000000E+000, 1.9274009E+001, 1.9728908E+001, 0.0000000E+000, 1.2699220E-003, 0.0000000E+000, 0.0000000E+000
 7.8001904E+000, 2.6772998E+001,-3.8557979E+000,-1.3148626E-001,-3.2585906E+000, 6.7311753E-004, 0.0000000E+000, 0.0000000E+000, 1.8987160E+001, 1.9527797E+001, 0.0000000E+000, 1.2699239E-003, 0.0000000E+000, 0.0000000E+000
 8.4028826E+000, 2.6525235E+001,-3.8815643E+000,-1.2652401E-001,-3.5616582E+000, 6.6902640E-004, 0.0000000E+000, 0.0000000E+000, 1.8422141E+001, 1.8956158E+001, 0.0000000E+000, 1.2699245E-003, 0.0000000E+000, 0.0000000E+000
 9.0017872E+000, 2.6528057E+001,-3.9067803E+000,-1.2872664E-001,-3.6867636E+000, 6.6037603E-004, 0.0000000E+000, 0.0000000E+000, 1.8488882E+001, 1.8806447E+001, 0.0000000E+000, 1.2699247E-003, 0.0000000E+000, 0.0000000E+000
 9.6011124E+000, 2.6637026E+001,-3.9734567E+000,-1.2946063E-001,-3.7509250E+000, 6.6334226E-004, 0.0000000E+000, 0.0000000E+000, 1.8656523E+001, 1.8783847E+001, 0.0000000E+000, 1.2699247E-003, 0.0000000E+000, 0.0000000E+000
 1.0205134E+001, 2.6908173E+001,-4.0560024E+000,-1.2803282E-001,-3.8926527E+000, 6.7196978E-004, 0.0000000E+000, 0.0000000E+000, 1.8283928E+001, 1.8832157E+001, 0.0000000E+000, 1.2699247E-003, 0.0000000E+000, 0.0000000E+000
 1.0800569E+001, 2.6486304E+001,-4.0242412E+000,-1.2814824E-001,-3.9000597E+000, 6.6369719E-004, 0.0000000E+000, 0.0000000E+000, 1.7966830E+001, 1.8434518E+001, 0.0000000E+000, 1.2699247E-003, 0.0000000E+000, 0.0000000E+000
 1.1403584E+001, 2.6542149E+001,-4.0683586E+000,-1.2812735E-001,-3.8204560E+000, 6.6036478E-004, 0.0000000E+000, 0.0000000E+000, 1.8196488E+001, 1.8525868E+001, 0.0000000E+000, 1.2699247E-003, 0.0000000E+000, 0.0000000E+000
 1.2005282E+001, 2.6565637E+001,-4.1056508E+000,-1.2790714E-001,-3.7126598E+000, 6.5002394E-004, 0.0000000E+000, 0.0000000E+000, 1.8255543E+001, 1.8620069E+001, 0.0000000E+000, 1.2699247E-003, 0.0000000E+000, 0.0000000E+000
 1.2600880E+001, 2.6737314E+001,-4.1790339E+000,-1.2622805E-001,-3.7616167E+000, 6.5679127E-004, 0.0000000E+000, 0.0000000E+000, 1.8262684E+001, 1.8671092E+001, 0.0000000E+000, 1.2699247E-003, 0.0000000E+000, 0.0000000E+000
 1.3204243E+001, 2.6621254E+001,-4.1812977E+000,-1.2868860E-001,-3.8821407E+000, 6.6196686E-004, 0.0000000E+000, 0.0000000E+000, 1.7975876E+001, 1.8429789E+001, 0.0000000E+000, 1.2699247E-003, 0.0000000E+000, 0.0000000E+000
 1.3804340E+001, 2.6804382E+001,-4.2549426E+000,-1.3092530E-001,-4.0170664E+000, 6.7415167E-004, 0.0000000E+000, 0.0000000E+000, 1.8173824E+001, 1.8402122E+001, 0.0000000E+000, 1.2699247E-003, 0.0000000E+000, 0.0000000E+000
 1.4405016E+001, 2.6579243E+001,-4.2853928E+000,-1.2646490E-001,-4.2105493E+000, 6.6103860E-004, 0.0000000E+000, 0.0000000E+000, 1.7745405E+001, 1.7957497E+001, 0.0000000E+000, 1.2699247E-003, 0.0000000E+000, 0.0000000E+000
 1.5001268E+001, 2.6446230E+001,-4.3072417E+000,-1.2242241E-001,-4.3960092E+000, 6.5847351E-004, 0.0000000E+000, 0.0000000E+000, 1.7441937E+001, 1.7621215E+001, 0.0000000E+000, 1.2699247E-003, 0.0000000E+000, 0.0000000E+000
 1.5600615E+001, 2.6748379E+001,-4.4116533E+000,-1.2280822E-001,-4.5011932E+000, 6.6214194E-004, 0.0000000E+000, 0.0000000E+000, 1.7326825E+001, 1.7713387E+001, 0.0000000E+000, 1.2699247E-003, 0.0000000E+000, 0.0000000E+000
 1.6204657E+001, 2.6585408E+001,-4.4281678E+000,-1.1907262E-001,-4.6918687E+000, 6.5692509E-004, 0.0000000E+000, 0.0000000E+000, 1.6713363E+001, 1.7346956E+001, 0.0000000E+000, 1.2699247E-003, 0.0000000E+000, 0.0000000E+000
 1.6802444E+001, 2.6602644E+001,-4.4715448E+000,-1.1835721E-001,-4.8502304E+000, 6.5519468E-004, 0.0000000E+000, 0.0000000E+000, 1.6754399E+001, 1.7163167E+001, 0.0000000E+000, 1.2699247E-003, 0.0000000E+000, 0.0000000E+000
 1.7403227E+001, 2.6945877E+001,-4.5659519E+000,-1.2015749E-001,-4.9945225E+000, 6.6553095E-004, 0.0000000E+000, 0.0000000E+000, 1.6764225E+001, 1.7265911E+001, 0.0000000E+000, 1.2699247E-003, 0.0000000E+000, 0.0000000E+000
 1.8004780E+001, 2.6444774E+001,-4.5183296E+000,-1.1762610E-001,-5.0981813E+000, 6.6603191E-004, 0.0000000E+000, 0.0000000E+000, 1.6571015E+001, 1.6711303E+001, 0.0000000E+000, 1.2699247E-003, 0.0000000E+000, 0.0000000E+000
 1.8605728E+001, 2.6695022E+001,-4.6241451E+000,-1.2085804E-001,-5.1584011E+000, 6.6102273E-004, 0.0000000E+000, 0.0000000E+000, 1.6685060E+001, 1.6792279E+001, 0.0000000E+000, 1.2699247E-003, 0.0000000E+000, 0.0000000E+000
 1.9204596E+001, 2.6457225E+001,-4.6306724E+000,-1.1445331E-001,-5.1995437E+000, 6.5131660E-004, 0.0000000E+000, 0.0000000E+000, 1.6350354E+001, 1.6513207E+001, 0.0000000E+000, 1.2699247E-003, 0.0000000E+000, 0.0000000E+000
 1.9805082E+001, 2.6750948E+001,-4.6917573E+000,-1.1852887E-001,-5.2126655E+000, 6.5691487E-004, 0.0000000E+000, 0.0000000E+000, 1.6424543E+001, 1.6728653E+001, 0.0000000E+000, 1.2699247E-003, 0.0000000E+000, 0.0000000E+000
 2.0401514E+001, 2.6657104E+001,-4.7386641E+000,-1.1493498E-001,-5.3302092E+000, 6.5802504E-004, 0.0000000E+000, 0.0000000E+000, 1.6009040E+001, 1.6473954E+001, 0.0000000E+000, 1.2699247E-003, 0.0000000E+000, 0.0000000E+000
 2.1005150E+001, 2.6689288E+001,-4.7850491E+000,-1.1559448E-001,-5.3771699E+000, 6.5902578E-004, 0.0000000E+000, 0.0000000E+000, 1.6045350E+001, 1.6412133E+001, 0.0000000E+000, 1.2699247E-003, 0.0000000E+000, 0.0000000E+000
 2.1600700E+001, 2.6711309E+001,-4.8271108E+000,-1.1409325E-001,-5.4592276E+000, 6.5630065E-004, 0.0000000E+000, 0.0000000E+000, 1.5730175E+001, 1.6311534E+001, 0.0000000E+000, 1.2699247E-003, 0.0000000E+000, 0.0000000E+000
 2.2204018E+001, 2.6488688E+001,-4.8178111E+000,-1.1613874E-001,-5.5398712E+000, 6.5755230E-004, 0.0000000E+000, 0.0000000E+000, 1.5931510E+001, 1.6015525E+001, 0.0000000E+000, 1.2699247E-003, 0.0000000E+000, 0.0000000E+000
 2.2803690E+001, 2.6513266E+001,-4.8665700E+000,-1.1267787E-001,-5.5305918E+000, 6.4792189E-004, 0.0000000E+000, 0.0000000E+000, 1.5712301E+001, 1.6004074E+001, 0.0000000E+000, 1.2699247E-003, 0.0000000E+000, 0.0000000E+000
 2.3401598E+001, 2.6815688E+001,-4.9523300E+000,-1.1509950E-001,-5.5954469E+000, 6.6126482E-004, 0.0000000E+000, 0.0000000E+000, 1.5726836E+001, 1.6153473E+001, 0.0000000E+000, 1.2699247E-003, 0.0000000E+000, 0.0000000E+000
 2.4005030E+001, 2.6595714E+001,-4.9737991E+000,-1.0989130E-001,-5.6454886E+000, 6.5465354E-004, 0.0000000E+000, 0.0000000E+000, 1.5316230E+001, 1.5867190E+001, 0.0000000E+000, 1.2699247E-003, 0.0000000E+000, 0.0000000E+000
 2.4601519E+001, 2.6630745E+001,-5.0139338E+000,-1.1062376E-001,-5.6865788E+000, 6.5570097E-004, 0.0000000E+000, 0.0000000E+000, 1.5305609E+001, 1.5820265E+001, 0.0000000E+000, 1.2699247E-003, 0.0000000E+000, 0.0000000E+000
 2.5203087E+001, 2.6666956E+001,-5.0655699E+000,-1.1267254E-001,-5.6563959E+000, 6.5582158E-004, 0.0000000E+000, 0.0000000E+000, 1.5419596E+001, 1.5832973E+001, 0.0000000E+000, 1.2699247E-003, 0.0000000E+000, 0.0000000E+000
 2.5801580E+001, 2.6452494E+001,-5.0791046E+000,-1.0973306E-001,-5.7219904E+000, 6.4768422E-004, 0.0000000E+000, 0.0000000E+000, 1.5223740E+001, 1.5542314E+001, 0.0000000E+000, 1.2699247E-003, 0.0000000E+000, 0.0000000E+000
 2.6400005E+001, 2.6845829E+001,-5.1722715E+000,-1.1527210E-001,-5.8092638E+000, 6.5972052E-004, 0.0000000E+000, 0.0000000E+000, 1.5592779E+001, 1.5749681E+001, 0.0000000E+000, 1.2699247E-003, 0.0000000E+000, 0.0000000E+000
 2.7003576E+001, 2.6656076E+001,-5.2020770E+000,-1.0805732E-001,-6.0156400E+000, 6.6429159E-004, 0.0000000E+000, 0.0000000E+000, 1.4921452E+001, 1.5330966E+001, 0.0000000E+000, 1.2699247E-003, 0.0000000E+000, 0.0000000E+000
 2.7603245E+001, 2.6651419E+001,-5.2409545E+000,-1.0742330E-001,-6.2433581E+000, 6.6172879E-004, 0.0000000E+000, 0.0000000E+000, 1.4395034E+001, 1.5060345E+001, 0.0000000E+000, 1.2699247E-003, 0.0000000E+000, 0.0000000E+000
 2.8203497E+001, 2.6638648E+001,-5.3047189E+000,-1.0999603E-001,-6.3666652E+000, 6.5027015E-004, 0.0000000E+000, 0.0000000E+000, 1.4703335E+001, 1.4857918E+001, 0.0000000E+000, 1.2699247E-003, 0.0000000E+000, 0.0000000E+000
 2.8801569E+001, 2.6575091E+001,-5.3133865E+000,-1.0691054E-001,-6.3810437E+000, 6.4810930E-004, 0.0000000E+000, 0.0000000E+000, 1.4410596E+001, 1.4774398E+001, 0.0000000E+000, 1.2699247E-003, 0.0000000E+000, 0.0000000E+000
 2.9400488E+001, 2.6691235E+001,-5.3649338E+000,-1.0721770E-001,-6.4211234E+000, 6.6186845E-004, 0.0000000E+000, 0.0000000E+000, 1.4436944E+001, 1.4798622E+001, 0.0000000E+000, 1.2699247E-003, 0.0000000E+000, 0.0000000E+000
 3.0001364E+001, 2.6576646E+001,-5.4141317E+000,-1.0550335E-001,-6.5194705E+000, 6.6077618E-004, 0.0000000E+000, 0.0000000E+000, 1.4008198E+001, 1.4538201E+001, 0.0000000E+000, 1.2699247E-003, 0.0000000E+000, 0.0000000E+000
 3.0602058E+001, 2.6731893E+001,-5.4582943E+000,-1.0825888E-001,-6.6129924E+000, 6.6238217E-004, 0.0000000E+000, 0.0000000E+000, 1.4274007E+001, 1.4553010E+001, 0.0000000E+000, 1.2699247E-003, 0.0000000E+000, 0.0000000E+000
 3.1204947E+001, 2.6554492E+001,-5.4919686E+000,-1.0656728E-001,-6.6349657E+000, 6.6208249E-004, 0.0000000E+000, 0.0000000E+000, 1.4107570E+001, 1.4321652E+001, 0.0000000E+000, 1.2699247E-003, 0.0000000E+000, 0.0000000E+000
 3.1805693E+001, 2.6629183E+001,-5.5590731E+000,-1.0300248E-001,-6.7519603E+000, 6.5885051E-004, 0.0000000E+000, 0.0000000E+000, 1.3724318E+001, 1.4215806E+001, 0.0000000E+000, 1.2699247E-003, 0.0000000E+000, 0.0000000E+000
 3.2404118E+001, 2.6751873E+001,-5.6125845E+000,-1.0489753E-001,-6.9108842E+000, 6.6999825E-004, 0.0000000E+000, 0.0000000E+000, 1.3722610E+001, 1.4124177E+001, 0.0000000E+000, 1.2699247E-003, 0.0000000E+000, 0.0000000E+000
 3.3005699E+001, 2.6776068E+001,-5.6696554E+000,-1.0595070E-001,-7.0806334E+000, 6.7081894E-004, 0.0000000E+000, 0.0000000E+000, 1.3657606E+001, 1.3920499E+001, 0.0000000E+000, 1.2699247E-003, 0.0000000E+000, 0.0000000E+000
 3.3605408E+001, 2.6564449E+001,-5.6949952E+000,-1.0261357E-001,-7.2182385E+000, 6.7180229E-004, 0.0000000E+000, 0.0000000E+000, 1.3255359E+001, 1.3549273E+001, 0.0000000E+000, 1.2699247E-003, 0.0000000E+000, 0.0000000E+000
 3.4203403E+001, 2.6506042E+001,-5.7395917E+000,-1.0528858E-001,-7.3435661E+000, 6.6206511E-004, 0.0000000E+000, 0.0000000E+000, 1.3236264E+001, 1.3318258E+001, 0.0000000E+000, 1.2699247E-003, 0.0000000E+000, 0.0000000E+000
 3.4802483E+001, 2.6948689E+001,-5.8424471E+000,-1.0630086E-001,-7.3867577E+000, 6.7443193E-004, 0.0000000E+000, 0.0000000E+000, 1.3293458E+001, 1.3613858E+001, 0.0000000E+000, 1.2699247E-003, 0.0000000E+000, 0.0000000E+000
 3.5400505E+001, 2.6451838E+001,-5.7978956E+000,-1.0234623E-001,-7.4484587E+000, 6.6593378E-004, 0.0000000E+000, 0.0000000E+000, 1.2861452E+001, 1.3103804E+001, 0.0000000E+000, 1.2699247E-003, 0.0000000E+000, 0.0000000E+000
 3.6003277E+001, 2.6561991E+001,-5.8355461E+000,-1.0452597E-001,-7.4216639E+000, 6.6231071E-004, 0.0000000E+000, 0.0000000E+000, 1.2838102E+001, 1.3200917E+001, 0.0000000E+000, 1.2699247E-003, 0.0000000E+000, 0.0000000E+000
 3.6603062E+001, 2.6675212E+001,-5.8949397E+000,-1.0573649E-001,-7.4585163E+000, 6.6263020E-004, 0.0000000E+000, 0.0000000E+000, 1.2916456E+001, 1.3216683E+001, 0.0000000E+000, 1.2699247E-003, 0.0000000E+000, 0.0000000E+000
 3.7204090E+001, 2.6633705E+001,-5.9300452E+000,-1.0203700E-001,-7.4422993E+000, 6.6286424E-004, 0.0000000E+000, 0.0000000E+000, 1.2619398E+001, 1.3159986E+001, 0.0000000E+000, 1.2699247E-003, 0.0000000E+000, 0.0000000E+000
 3.7801125E+001, 2.6576072E+001,-5.9419582E+000,-1.0473801E-001,-7.4889732E+000, 6.6470242E-004, 0.0000000E+000, 0.0000000E+000, 1.2599748E+001, 1.3041067E+001, 0.0000000E+000, 1.2699247E-003, 0.0000000E+000, 0.0000000E+000
 3.8402557E+001, 2.6656819E+001,-6.0036275E+000,-1.0824068E-001,-7.5406020E+000, 6.5896553E-004, 0.0000000E+000, 0.0000000E+000, 1.2790862E+001, 1.3005008E+001, 0.0000000E+000, 1.2699247E-003, 0.0000000E+000, 0.0000000E+000
 3.9003056E+001, 2.6526938E+001,-6.0218877E+000,-1.0430034E-001,-7.5356313E+000, 6.6031373E-004, 0.0000000E+000, 0.0000000E+000, 1.2436921E+001, 1.2865779E+001, 0.0000000E+000, 1.2699247E-003, 0.0000000E+000, 0.0000000E+000
 3.9604343E+001, 2.6700514E+001,-6.0914644E+000,-1.0724522E-001,-7.6618979E+000, 6.5988017E-004, 0.0000000E+000, 0.0000000E+000, 1.2558152E+001, 1.2840566E+001, 0.0000000E+000, 1.2699247E-003, 0.0000000E+000, 0.0000000E+000
 4.0201645E+001, 2.6748997E+001,-6.1463124E+000,-1.0621189E-001,-7.7060191E+000, 6.5473429E-004, 0.0000000E+000, 0.0000000E+000, 1.2223255E+001, 1.2791108E+001, 0.0000000E+000, 1.2699247E-003, 0.0000000E+000, 0.0000000E+000
 4.0801647E+001, 2.6628673E+001,-6.1919058E+000,-1.0429848E-001,-7.8424894E+000, 6.5404432E-004, 0.0000000E+000, 0.0000000E+000, 1.1915650E+001, 1.2490633E+001, 0.0000000E+000, 1.2699247E-003, 0.0000000E+000, 0.0000000E+000
 4.1401577E+001, 2.6695207E+001,-6.2100466E+000,-1.0872482E-001,-7.9368936E+000, 6.5748349E-004, 0.0000000E+000, 0.0000000E+000, 1.1989028E+001, 1.2440200E+001, 0.0000000E+000, 1.2699247E-003, 0.0000000E+000, 0.0000000E+000
 4.2000252E+001, 2.6625605E+001,-6.2462885E+000,-1.0769648E-001,-8.0074552E+000, 6.5936410E-004, 0.0000000E+000, 0.0000000E+000, 1.1937582E+001, 1.2264824E+001, 0.0000000E+000, 1.2699247E-003, 0.0000000E+000, 0.0000000E+000
 4.2603210E+001, 2.6663711E+001,-6.2899312E+000,-1.0847878E-001,-7.9956238E+000, 6.5716863E-004, 0.0000000E+000, 0.0000000E+000, 1.2051920E+001, 1.2270335E+001, 0.0000000E+000, 1.2699247E-003, 0.0000000E+000, 0.0000000E+000
 4.3200523E+001, 2.6599269E+001,-6.3145057E+000,-1.0515168E-001,-7.9900321E+000, 6.5514777E-004, 0.0000000E+000, 0.0000000E+000, 1.1802102E+001, 1.2190235E+001, 0.0000000E+000, 1.2699247E-003, 0.0000000E+000, 0.0000000E+000
 4.3803333E+001, 2.6547506E+001,-6.3424177E+000,-1.0653559E-001,-8.0050946E+000, 6.5697288E-004, 0.0000000E+000, 0.0000000E+000, 1.1732312E+001, 1.2094115E+001, 0.0000000E+000, 1.2699247E-003, 0.0000000E+000, 0.0000000E+000
 4.4401608E+001, 2.6730226E+001,-6.4287578E+000,-1.0498205E-001,-8.1315115E+000, 6.5870028E-004, 0.0000000E+000, 0.0000000E+000, 1.1398744E+001, 1.2065633E+001, 0.0000000E+000, 1.2699247E-003, 0.0000000E+000, 0.0000000E+000
 4.5000420E+001, 2.6362072E+001,-6.3845815E+000,-1.1027613E-001,-8.1808545E+000, 6.5561814E-004, 0.0000000E+000, 0.0000000E+000, 1.1466104E+001, 1.1687015E+001, 0.0000000E+000, 1.2699247E-003, 0.0000000E+000, 0.0000000E+000
 4.5602802E+001, 2.6746970E+001,-6.4890026E+000,-1.1386237E-001,-8.1618829E+000, 6.5628692E-004, 0.0000000E+000, 0.0000000E+000, 1.1614909E+001, 1.1982878E+001, 0.0000000E+000, 1.2699247E-003, 0.0000000E+000, 0.0000000E+000
 4.6202976E+001, 2.6790373E+001,-6.5361006E+000,-1.1095559E-001,-8.2761107E+000, 6.5444368E-004, 0.0000000E+000, 0.0000000E+000, 1.1237110E+001, 1.1867860E+001, 0.0000000E+000, 1.2699247E-003, 0.0000000E+000, 0.0000000E+000
 4.6804066E+001, 2.6596914E+001,-6.5331832E+000,-1.1181748E-001,-8.3232455E+000, 6.5262123E-004, 0.0000000E+000, 0.0000000E+000, 1.1026488E+001, 1.1629320E+001, 0.0000000E+000, 1.2699247E-003, 0.0000000E+000, 0.0000000E+000
 4.7401501E+001, 2.6636618E+001,-6.5876596E+000,-1.1366053E-001,-8.3573971E+000, 6.5246028E-004, 0.0000000E+000, 0.0000000E+000, 1.1254115E+001, 1.1578554E+001, 0.0000000E+000, 1.2699247E-003, 0.0000000E+000, 0.0000000E+000
 4.8000061E+001, 2.6693092E+001,-6.6222199E+000,-1.1267782E-001,-8.3292495E+000, 6.5491137E-004, 0.0000000E+000, 0.0000000E+000, 1.1194051E+001, 1.1629599E+001, 0.0000000E+000, 1.2699247E-003, 0.0000000E+000, 0.0000000E+000
 4.8601265E+001, 2.6602036E+001,-6.6450548E+000,-1.1216983E-001,-8.3663065E+000, 6.5754640E-004, 0.0000000E+000, 0.0000000E+000, 1.1062590E+001, 1.1479162E+001, 0.0000000E+000, 1.2699247E-003, 0.0000000E+000, 0.0000000E+000
 4.9201546E+001, 2.6455307E+001,-6.6795157E+000,-1.1433516E-001,-8.4577744E+000, 6.4908805E-004, 0.0000000E+000, 0.0000000E+000, 1.0969554E+001, 1.1204330E+001, 0.0000000E+000, 1.2699247E-003, 0.0000000E+000, 0.0000000E+000
 4.9805885E+001, 2.6653031E+001,-6.7424679E+000,-1.1556268E-001,-8.5727226E+000, 6.5454962E-004, 0.0000000E+000, 0.0000000E+000, 1.0972797E+001, 1.1222933E+001, 0.0000000E+000, 1.2699247E-003, 0.0000000E+000, 0.0000000E+000
 5.0402977E+001, 2.6739666E+001,-6.7880060E+000,-1.1599129E-001,-8.6821256E+000, 6.5223169E-004, 0.0000000E+000, 0.0000000E+000, 1.0721340E+001, 1.1154195E+001, 0.0000000E+000, 1.2699247E-003, 0.0000000E+000, 0.0000000E+000
 5.1002670E+001, 2.6695100E+001,-6.8050341E+000,-1.1876506E-001,-8.7165056E+000, 6.6690108E-004, 0.0000000E+000, 0.0000000E+000, 1.0543834E+001, 1.1055462E+001, 0.0000000E+000, 1.2699247E-003, 0.0000000E+000, 0.0000000E+000
 5.1600647E+001, 2.6772460E+001,-6.8503298E+000,-1.1900135E-001,-8.7298197E+000, 6.6030997E-004, 0.0000000E+000, 0.0000000E+000, 1.0462229E+001, 1.1073969E+001, 0.0000000E+000, 1.2699247E-003, 0.0000000E+000, 0.0000000E+000
 5.2203423E+001, 2.6392989E+001,-6.8624126E+000,-1.1988810E-001,-8.7167130E+000, 6.5487650E-004, 0.0000000E+000, 0.0000000E+000, 1.0266913E+001, 1.0694630E+001, 0.0000000E+000, 1.2699247E-003, 0.0000000E+000, 0.0000000E+000
 5.2804970E+001, 2.6840484E+001,-6.9308571E+000,-1.2642353E-001,-8.7086883E+000, 6.5739361E-004, 0.0000000E+000, 0.0000000E+000, 1.0519766E+001, 1.1075172E+001, 0.0000000E+000, 1.2699247E-003, 0.0000000E+000, 0.0000000E+000
 5.3404175E+001, 2.6541917E+001,-6.9295438E+000,-1.1999379E-001,-8.7295436E+000, 6.4935060E-004, 0.0000000E+000, 0.0000000E+000, 1.0264132E+001, 1.0763485E+001, 0.0000000E+000, 1.2699247E-003, 0.0000000E+000, 0.0000000E+000
 5.4000874E+001, 2.6660114E+001,-6.9988406E+000,-1.3151516E-001,-8.7835619E+000, 6.5276140E-004, 0.0000000E+000, 0.0000000E+000, 1.0650167E+001, 1.0746849E+001, 0.0000000E+000, 1.2699247E-003, 0.0000000E+000, 0.0000000E+000
 5.4602367E+001, 2.6745721E+001,-7.0386316E+000,-1.2524739E-001,-8.9018104E+000, 6.5686943E-004, 0.0000000E+000, 0.0000000E+000, 1.0118943E+001, 1.0680689E+001, 0.0000000E+000, 1.2699247E-003, 0.0000000E+000, 0.0000000E+000
 5.5205223E+001, 2.6518169E+001,-7.0407405E+000,-1.2351638E-001,-9.0331830E+000, 6.5865468E-004, 0.0000000E+000, 0.0000000E+000, 9.6876766E+000, 1.0321388E+001, 0.0000000E+000, 1.2699247E-003, 0.0000000E+000, 0.0000000E+000
 5.5806156E+001, 2.6727716E+001,-7.1524442E+000,-1.2377458E-001,-9.1692227E+000, 6.5442513E-004, 0.0000000E+000, 0.0000000E+000, 9.8297691E+000, 1.0282929E+001, 0.0000000E+000, 1.2699247E-003, 0.0000000E+000, 0.0000000E+000
 5.6403286E+001, 2.6565387E+001,-7.1114982E+000,-1.2767077E-001,-9.2905244E+000, 6.5112674E-004, 0.0000000E+000, 0.0000000E+000, 9.6749566E+000, 1.0036344E+001, 0.0000000E+000, 1.2699247E-003, 0.0000000E+000, 0.0000000E+000
 5.7001148E+001, 2.6584772E+001,-7.1741658E+000,-1.2490209E-001,-9.3624582E+000, 6.5732146E-004, 0.0000000E+000, 0.0000000E+000, 9.4694328E+000, 9.9239028E+000, 0.0000000E+000, 1.2699247E-003, 0.0000000E+000, 0.0000000E+000
 5.7600441E+001, 2.6618348E+001,-7.2114134E+000,-1.2377982E-001,-9.3814652E+000, 6.5614598E-004, 0.0000000E+000, 0.0000000E+000, 9.4436598E+000, 9.9023453E+000, 0.0000000E+000, 1.2699247E-003, 0.0000000E+000, 0.0000000E+000
 5.8200779E+001, 2.6569453E+001,-7.2449056E+000,-1.2431148E-001,-9.3990778E+000, 6.5582896E-004, 0.0000000E+000, 0.0000000E+000, 9.4233020E+000, 9.8018139E+000, 0.0000000E+000, 1.2699247E-003, 0.0000000E+000, 0.0000000E+000
 5.8800453E+001, 2.6648568E+001,-7.2737427E+000,-1.2393140E-001,-9.4365671E+000, 6.5637123E-004, 0.0000000E+000, 0.0000000E+000, 9.3094132E+000, 9.8149827E+000, 0.0000000E+000, 1.2699247E-003, 0.0000000E+000, 0.0000000E+000
 5.9402222E+001, 2.6744048E+001,-7.3390731E+000,-1.2552286E-001,-9.4240955E+000, 6.5386864E-004, 0.0000000E+000, 0.0000000E+000, 9.4241116E+000, 9.8560109E+000, 0.0000000E+000, 1.2699247E-003, 0.0000000E+000, 0.0000000E+000
 6.0001026E+001, 2.6684169E+001,-7.3503725E+000,-1.2588178E-001,-9.3859705E+000, 6.5844420E-004, 0.0000000E+000, 0.0000000E+000, 9.3353337E+000, 9.8226028E+000, 0.0000000E+000, 1.2699247E-003, 0.0000000E+000, 0.0000000E+000
 6.0603554E+001, 2.6793984E+001,-7.4132953E+000,-1.2561047E-001,-9.4042412E+000, 6.6119296E-004, 0.0000000E+000, 0.0000000E+000, 9.2231695E+000, 9.8514979E+000, 0.0000000E+000, 1.2699247E-003, 0.0000000E+000, 0.0000000E+000
 6.1200550E+001, 2.6584552E+001,-7.4211629E+000,-1.2742599E-001,-9.4518853E+000, 6.6352546E-004, 0.0000000E+000, 0.0000000E+000, 9.0567600E+000, 9.5847417E+000, 0.0000000E+000, 1.2699247E-003, 0.0000000E+000, 0.0000000E+000
 6.1800911E+001, 2.6508548E+001,-7.4413659E+000,-1.3069375E-001,-9.5058255E+000, 6.5814043E-004, 0.0000000E+000, 0.0000000E+000, 9.2041763E+000, 9.4313211E+000, 0.0000000E+000, 1.2699247E-003, 0.0000000E+000, 0.0000000E+000
 6.2402973E+001, 2.6762360E+001,-7.5256467E+000,-1.3662348E-001,-9.6064998E+000, 6.6268642E-004, 0.0000000E+000, 0.0000000E+000, 9.4035010E+000, 9.4942529E+000, 0.0000000E+000, 1.2699247E-003, 0.0000000E+000, 0.0000000E+000
 6.3003635E+001, 2.6693170E+001,-7.5017070E+000,-1.4112524E-001,-9.6460110E+000, 6.6836174E-004, 0.0000000E+000, 0.0000000E+000, 9.1454910E+000, 9.4049956E+000, 0.0000000E+000, 1.2699247E-003, 0.0000000E+000, 0.0000000E+000
 6.3600346E+001, 2.6488190E+001,-7.5432737E+000,-1.3711879E-001,-9.7163653E+000, 6.6167713E-004, 0.0000000E+000, 0.0000000E+000, 8.8539191E+000, 9.0920944E+000, 0.0000000E+000, 1.2699247E-003, 0.0000000E+000, 0.0000000E+000
 6.4204346E+001, 2.6539984E+001,-7.5837275E+000,-1.3761128E-001,-9.7185731E+000, 6.5522123E-004, 0.0000000E+000, 0.0000000E+000, 8.6922545E+000, 9.1007273E+000, 0.0000000E+000, 1.2699247E-003, 0.0000000E+000, 0.0000000E+000
 6.4801537E+001, 2.6760060E+001,-7.6477247E+000,-1.3642083E-001,-9.7429499E+000, 6.6145939E-004, 0.0000000E+000, 0.0000000E+000, 8.9241403E+000, 9.2336258E+000, 0.0000000E+000, 1.2699247E-003, 0.0000000E+000, 0.0000000E+000
 6.5404022E+001, 2.6757920E+001,-7.6739780E+000,-1.3387574E-001,-9.7225215E+000, 6.6827375E-004, 0.0000000E+000, 0.0000000E+000, 9.0832649E+000, 9.2282129E+000, 0.0000000E+000, 1.2699247E-003, 0.0000000E+000, 0.0000000E+000
 6.6002831E+001, 2.6542780E+001,-7.6836104E+000,-1.2509508E-001,-9.7736168E+000, 6.7142470E-004, 0.0000000E+000, 0.0000000E+000, 8.6040858E+000, 8.9611288E+000, 0.0000000E+000, 1.2699247E-003, 0.0000000E+000, 0.0000000E+000
 6.6602715E+001, 2.6673196E+001,-7.7483852E+000,-1.2493114E-001,-9.8769802E+000, 6.7252413E-004, 0.0000000E+000, 0.0000000E+000, 8.5544270E+000, 8.9235717E+000, 0.0000000E+000, 1.2699247E-003, 0.0000000E+000, 0.0000000E+000
 6.7203636E+001, 2.6571229E+001,-7.7413749E+000,-1.2345156E-001,-9.8701555E+000, 6.6804033E-004, 0.0000000E+000, 0.0000000E+000, 8.3151636E+000, 8.8369152E+000, 0.0000000E+000, 1.2699247E-003, 0.0000000E+000, 0.0000000E+000
 6.7803474E+001, 2.6765982E+001,-7.8113320E+000,-1.2935262E-001,-9.9058895E+000, 6.7019948E-004, 0.0000000E+000, 0.0000000E+000, 8.4301788E+000, 8.9200779E+000, 0.0000000E+000, 1.2699247E-003, 0.0000000E+000, 0.0000000E+000
 6.8404053E+001, 2.6607583E+001,-7.8037792E+000,-1.3373476E-001,-9.8621288E+000, 6.5686062E-004, 0.0000000E+000, 0.0000000E+000, 8.5198865E+000, 8.8085973E+000, 0.0000000E+000, 1.2699247E-003, 0.0000000E+000, 0.0000000E+000
 6.9004700E+001, 2.6506827E+001,-7.8372615E+000,-1.3199334E-001,-9.8548836E+000, 6.6220955E-004, 0.0000000E+000, 0.0000000E+000, 8.1063098E+000, 8.6833508E+000, 0.0000000E+000, 1.2699247E-003, 0.0000000E+000, 0.0000000E+000
 6.9602676E+001, 2.6581713E+001,-7.8572970E+000,-1.3992935E-001,-9.9555502E+000, 6.6538337E-004, 0.0000000E+000, 0.0000000E+000, 8.2255755E+000, 8.6296021E+000, 0.0000000E+000, 1.2699247E-003, 0.0000000E+000, 0.0000000E+000
 7.0204857E+001, 2.6730579E+001,-7.9213544E+000,-1.4152802E-001,-1.0008077E+001, 6.5799824E-004, 0.0000000E+000, 0.0000000E+000, 8.1982568E+000, 8.6602774E+000, 0.0000000E+000, 1.2699247E-003, 0.0000000E+000, 0.0000000E+000
 7.0803680E+001, 2.6700086E+001,-7.9665268E+000,-1.4232552E-001,-1.0076142E+001, 6.6855400E-004, 0.0000000E+000, 0.0000000E+000, 8.2511035E+000, 8.5157601E+000, 0.0000000E+000, 1.2699247E-003, 0.0000000E+000, 0.0000000E+000
 7.1404602E+001, 2.6555013E+001,-7.9830120E+000,-1.3932317E-001,-1.0162807E+001, 6.6816396E-004, 0.0000000E+000, 0.0000000E+000, 7.9316310E+000, 8.2705385E+000, 0.0000000E+000, 1.2699247E-003, 0.0000000E+000, 0.0000000E+000
 7.2001884E+001, 2.6938471E+001,-8.0551364E+000,-1.4220439E-001,-1.0237571E+001, 6.6240108E-004, 0.0000000E+000, 0.0000000E+000, 8.1335006E+000, 8.5042219E+000, 0.0000000E+000, 1.2699247E-003, 0.0000000E+000, 0.0000000E+000
 7.2605263E+001, 2.6567808E+001,-8.0494378E+000,-1.3834010E-001,-1.0327712E+001, 6.7659483E-004, 0.0000000E+000, 0.0000000E+000, 7.6300959E+000, 8.0529941E+000, 0.0000000E+000, 1.2699247E-003, 0.0000000E+000, 0.0000000E+000
 7.3202553E+001, 2.6624612E+001,-8.0929836E+000,-1.4231380E-001,-1.0369410E+001, 6.7264129E-004, 0.0000000E+000, 0.0000000E+000, 7.7153573E+000, 8.0205773E+000, 0.0000000E+000, 1.2699247E-003, 0.0000000E+000, 0.0000000E+000
 7.3804138E+001, 2.6574990E+001,-8.1225671E+000,-1.4298565E-001,-1.0325574E+001, 6.5968542E-004, 0.0000000E+000, 0.0000000E+000, 7.6473971E+000, 7.9845232E+000, 0.0000000E+000, 1.2699247E-003, 0.0000000E+000, 0.0000000E+000
 7.4402405E+001, 2.6604743E+001,-8.1174359E+000,-1.4541443E-001,-1.0309265E+001, 6.6803264E-004, 0.0000000E+000, 0.0000000E+000, 7.4098496E+000, 8.0332957E+000, 0.0000000E+000, 1.2699247E-003, 0.0000000E+000, 0.0000000E+000
 7.5005348E+001, 2.6631297E+001,-8.1728765E+000,-1.4400367E-001,-1.0397200E+001, 6.7342830E-004, 0.0000000E+000, 0.0000000E+000, 7.3875046E+000, 7.9178912E+000, 0.0000000E+000, 1.2699247E-003, 0.0000000E+000, 0.0000000E+000
 7.5602600E+001, 2.6793467E+001,-8.2342238E+000,-1.4645683E-001,-1.0464026E+001, 6.7437003E-004, 0.0000000E+000, 0.0000000E+000, 7.5871849E+000, 7.9494352E+000, 0.0000000E+000, 1.2699247E-003, 0.0000000E+000, 0.0000000E+000
 7.6205658E+001, 2.6463594E+001,-8.2057929E+000,-1.4756416E-001,-1.0508629E+001, 6.5935674E-004, 0.0000000E+000, 0.0000000E+000, 7.5295290E+000, 7.6022667E+000, 0.0000000E+000, 1.2699247E-003, 0.0000000E+000, 0.0000000E+000
 7.6800484E+001, 2.6698227E+001,-8.2808485E+000,-1.4483176E-001,-1.0498041E+001, 6.6043985E-004, 0.0000000E+000, 0.0000000E+000, 7.2055699E+000, 7.7751663E+000, 0.0000000E+000, 1.2699247E-003, 0.0000000E+000, 0.0000000E+000
 7.7404259E+001, 2.6628625E+001,-8.2774701E+000,-1.5368545E-001,-1.0541908E+001, 6.5772202E-004, 0.0000000E+000, 0.0000000E+000, 7.2222480E+000, 7.6562192E+000, 0.0000000E+000, 1.2699247E-003, 0.0000000E+000, 0.0000000E+000
 7.8002739E+001, 2.6683578E+001,-8.3185991E+000,-1.5801582E-001,-1.0603334E+001, 6.6705371E-004, 0.0000000E+000, 0.0000000E+000, 7.4234540E+000, 7.6042968E+000, 0.0000000E+000, 1.2699247E-003, 0.0000000E+000, 0.0000000E+000
 7.8604790E+001, 2.6549060E+001,-8.3000792E+000,-1.6120586E-001,-1.0645748E+001, 6.5703219E-004, 0.0000000E+000, 0.0000000E+000, 7.3293914E+000, 7.4426842E+000, 0.0000000E+000, 1.2699247E-003, 0.0000000E+000, 0.0000000E+000
 7.9205986E+001, 2.6752874E+001,-8.3966617E+000,-1.5441091E-001,-1.0671390E+001, 6.6359689E-004, 0.0000000E+000, 0.0000000E+000, 6.9456081E+000, 7.5310747E+000, 0.0000000E+000, 1.2699247E-003, 0.0000000E+000, 0.0000000E+000
 7.9804161E+001, 2.6717111E+001,-8.3984041E+000,-1.6290987E-001,-1.0730109E+001, 6.7539409E-004, 0.0000000E+000, 0.0000000E+000, 7.1673496E+000, 7.4263631E+000, 0.0000000E+000, 1.2699247E-003, 0.0000000E+000, 0.0000000E+000
 8.0404854E+001, 2.6493482E+001,-8.4204715E+000,-1.5434512E-001,-1.0716692E+001, 6.7325692E-004, 0.0000000E+000, 0.0000000E+000, 6.6517709E+000, 7.2026463E+000, 0.0000000E+000, 1.2699247E-003, 0.0000000E+000, 0.0000000E+000
 8.1005707E+001, 2.6653221E+001,-8.4527944E+000,-1.5849562E-001,-1.0657800E+001, 6.7185171E-004, 0.0000000E+000, 0.0000000E+000, 7.0053424E+000, 7.3848025E+000, 0.0000000E+000, 1.2699247E-003, 0.0000000E+000, 0.0000000E+000
 8.1601219E+001, 2.6597008E+001,-8.4835558E+000,-1.5972125E-001,-1.0665488E+001, 6.7917499E-004, 0.0000000E+000, 0.0000000E+000, 6.8485471E+000, 7.2889222E+000, 0.0000000E+000, 1.2699247E-003, 0.0000000E+000, 0.0000000E+000
 8.2202202E+001, 2.6647739E+001,-8.5259190E+000,-1.6419735E-001,-1.0623890E+001, 6.6189384E-004, 0.0000000E+000, 0.0000000E+000, 7.2149390E+000, 7.3343947E+000, 0.0000000E+000, 1.2699247E-003, 0.0000000E+000, 0.0000000E+000
 8.2804260E+001, 2.6672767E+001,-8.5322037E+000,-1.6154830E-001,-1.0572573E+001, 6.6457320E-004, 0.0000000E+000, 0.0000000E+000, 6.9226971E+000, 7.4071067E+000, 0.0000000E+000, 1.2699247E-003, 0.0000000E+000, 0.0000000E+000
 8.3405174E+001, 2.6493822E+001,-8.5311513E+000,-1.6173760E-001,-1.0697876E+001, 6.6546147E-004, 0.0000000E+000, 0.0000000E+000, 6.7760870E+000, 7.1037219E+000, 0.0000000E+000, 1.2699247E-003, 0.0000000E+000, 0.0000000E+000
 8.4003059E+001, 2.6758712E+001,-8.6005764E+000,-1.5937874E-001,-1.0746078E+001, 6.6123688E-004, 0.0000000E+000, 0.0000000E+000, 6.7714634E+000, 7.2533404E+000, 0.0000000E+000, 1.2699247E-003, 0.0000000E+000, 0.0000000E+000
 8.4604942E+001, 2.6532519E+001,-8.5966613E+000,-1.5623466E-001,-1.0849685E+001, 6.6755252E-004, 0.0000000E+000, 0.0000000E+000, 6.5524521E+000, 6.9306062E+000, 0.0000000E+000, 1.2699247E-003, 0.0000000E+000, 0.0000000E+000
 8.5203461E+001, 2.6724078E+001,-8.6684624E+000,-1.6197135E-001,-1.0927952E+001, 6.6359011E-004, 0.0000000E+000, 0.0000000E+000, 6.3890174E+000, 6.9663559E+000, 0.0000000E+000, 1.2699247E-003, 0.0000000E+000, 0.0000000E+000
 8.5803726E+001, 2.6766591E+001,-8.7007314E+000,-1.6857419E-001,-1.1093606E+001, 6.6570495E-004, 0.0000000E+000, 0.0000000E+000, 6.4974422E+000, 6.8043453E+000, 0.0000000E+000, 1.2699247E-003, 0.0000000E+000, 0.0000000E+000
 8.6404297E+001, 2.6526402E+001,-8.6825823E+000,-1.6661021E-001,-1.1055608E+001, 6.6674079E-004, 0.0000000E+000, 0.0000000E+000, 6.1629905E+000, 6.6222681E+000, 0.0000000E+000, 1.2699247E-003, 0.0000000E+000, 0.0000000E+000
 8.7000046E+001, 2.6627488E+001,-8.7217570E+000,-1.6550649E-001,-1.1014741E+001, 6.6059751E-004, 0.0000000E+000, 0.0000000E+000, 6.1611771E+000, 6.7261439E+000, 0.0000000E+000, 1.2699247E-003, 0.0000000E+000, 0.0000000E+000
 8.7605194E+001, 2.6655364E+001,-8.7380074E+000,-1.6808468E-001,-1.0971067E+001, 6.7770412E-004, 0.0000000E+000, 0.0000000E+000, 6.4679991E+000, 6.7788819E+000, 0.0000000E+000, 1.2699247E-003, 0.0000000E+000, 0.0000000E+000
 8.8204033E+001, 2.6843921E+001,-8.8172303E+000,-1.7074526E-001,-1.0940412E+001, 6.6893659E-004, 0.0000000E+000, 0.0000000E+000, 6.5852303E+000, 6.9162023E+000, 0.0000000E+000, 1.2699247E-003, 0.0000000E+000, 0.0000000E+000
 8.8804337E+001, 2.6515907E+001,-8.7644189E+000,-1.6752309E-001,-1.0974391E+001, 6.6517077E-004, 0.0000000E+000, 0.0000000E+000, 6.3476958E+000, 6.6102397E+000, 0.0000000E+000, 1.2699247E-003, 0.0000000E+000, 0.0000000E+000
 8.9401443E+001, 2.6506084E+001,-8.7908025E+000,-1.6986176E-001,-1.0894381E+001, 6.6511994E-004, 0.0000000E+000, 0.0000000E+000, 6.4606264E+000, 6.6517044E+000, 0.0000000E+000, 1.2699247E-003, 0.0000000E+000, 0.0000000E+000
 9.0001335E+001, 2.6602524E+001,-8.8280653E+000,-1.6875155E-001,-1.0906121E+001, 6.6897118E-004, 0.0000000E+000, 0.0000000E+000, 6.3889004E+000, 6.7002552E+000, 0.0000000E+000, 1.2699247E-003, 0.0000000E+000, 0.0000000E+000
 9.0605133E+001, 2.6869089E+001,-8.8878929E+000,-1.7320872E-001,-1.0908941E+001, 6.7138975E-004, 0.0000000E+000, 0.0000000E+000, 6.3685602E+000, 6.8997181E+000, 0.0000000E+000, 1.2699247E-003, 0.0000000E+000, 0.0000000E+000
 9.1201553E+001, 2.6475471E+001,-8.8449238E+000,-1.6852921E-001,-1.0973592E+001, 6.6805232E-004, 0.0000000E+000, 0.0000000E+000, 5.9979409E+000, 6.4890941E+000, 0.0000000E+000, 1.2699247E-003, 0.0000000E+000, 0.0000000E+000
 9.1801720E+001, 2.6690117E+001,-8.9139982E+000,-1.7564414E-001,-1.0962378E+001, 6.7110677E-004, 0.0000000E+000, 0.0000000E+000, 6.1058457E+000, 6.6387669E+000, 0.0000000E+000, 1.2699247E-003, 0.0000000E+000, 0.0000000E+000
 9.2405281E+001, 2.6699191E+001,-8.9508033E+000,-1.7752073E-001,-1.1005643E+001, 6.6762078E-004, 0.0000000E+000, 0.0000000E+000, 6.0486973E+000, 6.5658914E+000, 0.0000000E+000, 1.2699247E-003, 0.0000000E+000, 0.0000000E+000
 9.3001816E+001, 2.6597119E+001,-8.9665219E+000,-1.7176890E-001,-1.1000730E+001, 6.7004901E-004, 0.0000000E+000, 0.0000000E+000, 5.9415866E+000, 6.4587683E+000, 0.0000000E+000, 1.2699247E-003, 0.0000000E+000, 0.0000000E+000
 9.3603386E+001, 2.6697479E+001,-8.9774522E+000,-1.7633254E-001,-1.1068021E+001, 6.6579673E-004, 0.0000000E+000, 0.0000000E+000, 6.1726682E+000, 6.4763383E+000, 0.0000000E+000, 1.2699247E-003, 0.0000000E+000, 0.0000000E+000
 9.4201477E+001, 2.6535483E+001,-9.0067317E+000,-1.6839073E-001,-1.1051947E+001, 6.6057892E-004, 0.0000000E+000, 0.0000000E+000, 5.9287361E+000, 6.3090736E+000, 0.0000000E+000, 1.2699247E-003, 0.0000000E+000, 0.0000000E+000
 9.4803482E+001, 2.6749848E+001,-9.0673522E+000,-1.7488152E-001,-1.1137334E+001, 6.6614100E-004, 0.0000000E+000, 0.0000000E+000, 5.8167639E+000, 6.3709467E+000, 0.0000000E+000, 1.2699247E-003, 0.0000000E+000, 0.0000000E+000
 9.5401001E+001, 2.6584532E+001,-9.0518252E+000,-1.8152160E-001,-1.1166624E+001, 6.6112121E-004, 0.0000000E+000, 0.0000000E+000, 5.8523168E+000, 6.1852221E+000, 0.0000000E+000, 1.2699247E-003, 0.0000000E+000, 0.0000000E+000
 9.6001144E+001, 2.6682356E+001,-9.0801654E+000,-1.9023234E-001,-1.1215798E+001, 6.7320695E-004, 0.0000000E+000, 0.0000000E+000, 5.9030692E+000, 6.1968330E+000, 0.0000000E+000, 1.2699247E-003, 0.0000000E+000, 0.0000000E+000
 9.6602692E+001, 2.6752703E+001,-9.1208921E+000,-1.9233109E-001,-1.1158262E+001, 6.7616719E-004, 0.0000000E+000, 0.0000000E+000, 5.8562415E+000, 6.2818942E+000, 0.0000000E+000, 1.2699247E-003, 0.0000000E+000, 0.0000000E+000
 9.7201462E+001, 2.6396406E+001,-9.1276795E+000,-1.8800747E-001,-1.1239238E+001, 6.6207425E-004, 0.0000000E+000, 0.0000000E+000, 5.3836072E+000, 5.8421432E+000, 0.0000000E+000, 1.2699247E-003, 0.0000000E+000, 0.0000000E+000
 9.7802109E+001, 2.6673659E+001,-9.1528177E+000,-1.9671150E-001,-1.1232681E+001, 6.5864984E-004, 0.0000000E+000, 0.0000000E+000, 5.8426226E+000, 6.0921068E+000, 0.0000000E+000, 1.2699247E-003, 0.0000000E+000, 0.0000000E+000
 9.8403938E+001, 2.6774542E+001,-9.1989339E+000,-2.0010220E-001,-1.1306411E+001, 6.6957938E-004, 0.0000000E+000, 0.0000000E+000, 5.6212787E+000, 6.0697648E+000, 0.0000000E+000, 1.2699247E-003, 0.0000000E+000, 0.0000000E+000
 9.9001839E+001, 2.6447883E+001,-9.1772389E+000,-2.0491754E-001,-1.1276886E+001, 6.7060205E-004, 0.0000000E+000, 0.0000000E+000, 5.5086529E+000, 5.7895105E+000, 0.0000000E+000, 1.2699247E-003, 0.0000000E+000, 0.0000000E+000
 9.9602440E+001, 2.6698005E+001,-9.2499533E+000,-2.0793419E-001,-1.1302904E+001, 6.7698216E-004, 0.0000000E+000, 0.0000000E+000, 5.6032306E+000, 5.9378906E+000, 0.0000000E+000, 1.2699247E-003, 0.0000000E+000, 0.0000000E+000
 1.0020216E+002, 2.6741577E+001,-9.2826123E+000,-2.0254156E-001,-1.1387835E+001, 6.6956687E-004, 0.0000000E+000, 0.0000000E+000, 5.4458473E+000, 5.8692578E+000, 0.0000000E+000, 1.2699247E-003, 0.0000000E+000, 0.0000000E+000
 1.0080418E+002, 2.6634074E+001,-9.2699876E+000,-1.9380307E-001,-1.1450644E+001, 6.6930072E-004, 0.0000000E+000, 0.0000000E+000, 5.3866108E+000, 5.7203079E+000, 0.0000000E+000, 1.2699247E-003, 0.0000000E+000, 0.0000000E+000
 1.0140046E+002, 2.6362568E+001,-9.2675715E+000,-1.8369377E-001,-1.1457094E+001, 6.6094931E-004, 0.0000000E+000, 0.0000000E+000, 4.9856614E+000, 5.4548697E+000, 0.0000000E+000, 1.2699247E-003, 0.0000000E+000, 0.0000000E+000
 1.0200047E+002, 2.6862018E+001,-9.3537148E+000,-1.9784300E-001,-1.1486716E+001, 6.7615237E-004, 0.0000000E+000, 0.0000000E+000, 5.6327184E+000, 5.8244198E+000, 0.0000000E+000, 1.2699247E-003, 0.0000000E+000, 0.0000000E+000
 1.0260017E+002, 2.6693379E+001,-9.3663393E+000,-1.9812494E-001,-1.1531850E+001, 6.7169695E-004, 0.0000000E+000, 0.0000000E+000, 5.1921428E+000, 5.5977367E+000, 0.0000000E+000, 1.2699247E-003, 0.0000000E+000, 0.0000000E+000
 1.0320308E+002, 2.6554291E+001,-9.3320018E+000,-2.0951732E-001,-1.1513560E+001, 6.6514684E-004, 0.0000000E+000, 0.0000000E+000, 5.2364119E+000, 5.4998767E+000, 0.0000000E+000, 1.2699247E-003, 0.0000000E+000, 0.0000000E+000
 1.0380449E+002, 2.6778625E+001,-9.4222188E+000,-2.0852228E-001,-1.1475380E+001, 6.7164406E-004, 0.0000000E+000, 0.0000000E+000, 5.1765695E+000, 5.6731751E+000, 0.0000000E+000, 1.2699247E-003, 0.0000000E+000, 0.0000000E+000
 1.0440590E+002, 2.6646439E+001,-9.4231566E+000,-2.0569542E-001,-1.1492820E+001, 6.6423630E-004, 0.0000000E+000, 0.0000000E+000, 5.2775870E+000, 5.5254304E+000, 0.0000000E+000, 1.2699247E-003, 0.0000000E+000, 0.0000000E+000
 1.0500139E+002, 2.6554137E+001,-9.4186174E+000,-2.0845653E-001,-1.1486740E+001, 6.5814497E-004, 0.0000000E+000, 0.0000000E+000, 5.5834897E+000, 5.4409816E+000, 0.0000000E+000, 1.2699247E-003, 0.0000000E+000, 0.0000000E+000
 1.0560210E+002, 2.6552184E+001,-9.4226003E+000,-2.0065849E-001,-1.1505637E+001, 6.6139592E-004, 0.0000000E+000, 0.0000000E+000, 5.0911531E+000, 5.4239492E+000, 0.0000000E+000, 1.2699247E-003, 0.0000000E+000, 0.0000000E+000
 1.0620469E+002, 2.6639023E+001,-9.4792290E+000,-2.0321945E-001,-1.1426997E+001, 6.5824972E-004, 0.0000000E+000, 0.0000000E+000, 5.0741578E+000, 5.5302357E+000, 0.0000000E+000, 1.2699247E-003, 0.0000000E+000, 0.0000000E+000
 1.0680560E+002, 2.6572020E+001,-9.4881488E+000,-2.1651132E-001,-1.1493100E+001, 6.6482848E-004, 0.0000000E+000, 0.0000000E+000, 5.0731344E+000, 5.3749245E+000, 0.0000000E+000, 1.2699247E-003, 0.0000000E+000, 0.0000000E+000
 1.0740562E+002, 2.6654785E+001,-9.5289202E+000,-2.2395984E-001,-1.1571077E+001, 6.6038433E-004, 0.0000000E+000, 0.0000000E+000, 5.0924403E+000, 5.3314882E+000, 0.0000000E+000, 1.2699247E-003, 0.0000000E+000, 0.0000000E+000
 1.0800178E+002, 2.6766938E+001,-9.5536008E+000,-2.2216599E-001,-1.1533645E+001, 6.7969143E-004, 0.0000000E+000, 0.0000000E+000, 5.1982137E+000, 5.4582055E+000, 0.0000000E+000, 1.2699247E-003, 0.0000000E+000, 0.0000000E+000
 1.0860203E+002, 2.6688635E+001,-9.5680951E+000,-2.2563943E-001,-1.1652790E+001, 6.8043958E-004, 0.0000000E+000, 0.0000000E+000, 5.1248840E+000, 5.2427902E+000, 0.0000000E+000, 1.2699247E-003, 0.0000000E+000, 0.0000000E+000
 1.0920293E+002, 2.6642124E+001,-9.5916117E+000,-2.1850705E-001,-1.1676148E+001, 6.6486402E-004, 0.0000000E+000, 0.0000000E+000, 5.0850970E+000, 5.1565223E+000, 0.0000000E+000, 1.2699247E-003, 0.0000000E+000, 0.0000000E+000
 1.0980467E+002, 2.6691251E+001,-9.6106085E+000,-2.1642417E-001,-1.1703297E+001, 6.5448912E-004, 0.0000000E+000, 0.0000000E+000, 4.8992786E+000, 5.1615760E+000, 0.0000000E+000, 1.2699247E-003, 0.0000000E+000, 0.0000000E+000
 1.1040283E+002, 2.6841630E+001,-9.6376903E+000,-2.1960867E-001,-1.1666188E+001, 6.7247285E-004, 0.0000000E+000, 0.0000000E+000, 5.0105703E+000, 5.3188152E+000, 0.0000000E+000, 1.2699247E-003, 0.0000000E+000, 0.0000000E+000
 1.1100214E+002, 2.6515848E+001,-9.6390981E+000,-2.1456560E-001,-1.1699134E+001, 6.7284189E-004, 0.0000000E+000, 0.0000000E+000, 4.7322911E+000, 4.9637240E+000, 0.0000000E+000, 1.2699247E-003, 0.0000000E+000, 0.0000000E+000
 1.1160099E+002, 2.6562374E+001,-9.6364833E+000,-2.2244669E-001,-1.1604890E+001, 6.7568295E-004, 0.0000000E+000, 0.0000000E+000, 4.5944367E+000, 5.0992294E+000, 0.0000000E+000, 1.2699247E-003, 0.0000000E+000, 0.0000000E+000
 1.1220420E+002, 2.6615537E+001,-9.6732044E+000,-2.2203737E-001,-1.1616346E+001, 6.6839373E-004, 0.0000000E+000, 0.0000000E+000, 4.7575126E+000, 5.1046175E+000, 0.0000000E+000, 1.2699247E-003, 0.0000000E+000, 0.0000000E+000
 1.1280128E+002, 2.6503494E+001,-9.6742320E+000,-2.2592644E-001,-1.1577572E+001, 6.6137541E-004, 0.0000000E+000, 0.0000000E+000, 4.9060211E+000, 5.0264247E+000, 0.0000000E+000, 1.2699247E-003, 0.0000000E+000, 0.0000000E+000
 1.1340057E+002, 2.6638702E+001,-9.6871716E+000,-2.2631322E-001,-1.1563472E+001, 6.7052539E-004, 0.0000000E+000, 0.0000000E+000, 4.8322069E+000, 5.1624156E+000, 0.0000000E+000, 1.2699247E-003, 0.0000000E+000, 0.0000000E+000
 1.1400486E+002, 2.6729126E+001,-9.7354070E+000,-2.2648314E-001,-1.1661882E+001, 6.6946729E-004, 0.0000000E+000, 0.0000000E+000, 4.6949157E+000, 5.1060237E+000, 0.0000000E+000, 1.2699247E-003, 0.0000000E+000, 0.0000000E+000
 1.1460246E+002, 2.6582945E+001,-9.7478474E+000,-2.2858824E-001,-1.1738474E+001, 6.6831810E-004, 0.0000000E+000, 0.0000000E+000, 4.7804977E+000, 4.8687040E+000, 0.0000000E+000, 1.2699247E-003, 0.0000000E+000, 0.0000000E+000
 1.1520480E+002, 2.6573727E+001,-9.7452414E+000,-2.2735959E-001,-1.1629733E+001, 6.6155616E-004, 0.0000000E+000, 0.0000000E+000, 4.4747616E+000, 4.9720548E+000, 0.0000000E+000, 1.2699247E-003, 0.0000000E+000, 0.0000000E+000
 1.1580063E+002, 2.6698513E+001,-9.7745997E+000,-2.3561527E-001,-1.1635351E+001, 6.6186877E-004, 0.0000000E+000, 0.0000000E+000, 4.5048984E+000, 5.0536083E+000, 0.0000000E+000, 1.2699247E-003, 0.0000000E+000, 0.0000000E+000
 1.1640257E+002, 2.6810456E+001,-9.8317882E+000,-2.3718503E-001,-1.1633046E+001, 6.7679578E-004, 0.0000000E+000, 0.0000000E+000, 4.4227429E+000, 5.1091132E+000, 0.0000000E+000, 1.2699247E-003, 0.0000000E+000, 0.0000000E+000
 1.1700604E+002, 2.6443930E+001,-9.7824020E+000,-2.3842919E-001,-1.1687963E+001, 6.6616046E-004, 0.0000000E+000, 0.0000000E+000, 4.2601383E+000, 4.7358016E+000, 0.0000000E+000, 1.2699247E-003, 0.0000000E+000, 0.0000000E+000
 1.1760114E+002, 2.6795617E+001,-9.8887669E+000,-2.4886785E-001,-1.1645836E+001, 6.6325585E-004, 0.0000000E+000, 0.0000000E+000, 4.9063203E+000, 5.0128099E+000, 0.0000000E+000, 1.2699247E-003, 0.0000000E+000, 0.0000000E+000
 1.1820531E+002, 2.6698352E+001,-9.8510957E+000,-2.5714673E-001,-1.1551200E+001, 6.7559317E-004, 0.0000000E+000, 0.0000000E+000, 4.7554091E+000, 5.0395847E+000, 0.0000000E+000, 1.2699247E-003, 0.0000000E+000, 0.0000000E+000
 1.1880128E+002, 2.6476096E+001,-9.8455210E+000,-2.6259412E-001,-1.1662491E+001, 6.6708150E-004, 0.0000000E+000, 0.0000000E+000, 4.2022530E+000, 4.7061567E+000, 0.0000000E+000, 1.2699247E-003, 0.0000000E+000, 0.0000000E+000
 1.1940213E+002, 2.6849431E+001,-9.9050414E+000,-2.7210123E-001,-1.1684159E+001, 6.6790573E-004, 0.0000000E+000, 0.0000000E+000, 4.5304276E+000, 4.9887970E+000, 0.0000000E+000, 1.2699247E-003, 0.0000000E+000, 0.0000000E+000
 1.2000084E+002, 2.6441947E+001,-9.9083617E+000,-2.7147149E-001,-1.1724793E+001, 6.6779876E-004, 0.0000000E+000, 0.0000000E+000, 4.1435458E+000, 4.5379885E+000, 0.0000000E+000, 1.2699247E-003, 0.0000000E+000, 0.0000000E+000
 1.2060382E+002, 2.6667458E+001,-9.9345135E+000,-2.7381184E-001,-1.1789590E+001, 6.7151712E-004, 0.0000000E+000, 0.0000000E+000, 4.2067209E+000, 4.6702143E+000, 0.0000000E+000, 1.2699247E-003, 0.0000000E+000, 0.0000000E+000
 1.2120052E+002, 2.6559815E+001,-9.9359182E+000,-2.6613175E-001,-1.1754850E+001, 6.7176637E-004, 0.0000000E+000, 0.0000000E+000, 4.4399990E+000, 4.6035869E+000, 0.0000000E+000, 1.2699247E-003, 0.0000000E+000, 0.0000000E+000
 1.2180379E+002, 2.6677147E+001,-9.9769125E+000,-2.5540029E-001,-1.1752283E+001, 6.6793454E-004, 0.0000000E+000, 0.0000000E+000, 4.2371390E+000, 4.6932185E+000, 0.0000000E+000, 1.2699247E-003, 0.0000000E+000, 0.0000000E+000
 1.2240374E+002, 2.6440125E+001,-9.9572969E+000,-2.4918116E-001,-1.1824144E+001, 6.6433301E-004, 0.0000000E+000, 0.0000000E+000, 4.1711163E+000, 4.4101681E+000, 0.0000000E+000, 1.2699247E-003, 0.0000000E+000, 0.0000000E+000
 1.2300285E+002, 2.6813265E+001,-1.0033858E+001,-2.5144875E-001,-1.1781743E+001, 6.7173645E-004, 0.0000000E+000, 0.0000000E+000, 4.3369351E+000, 4.7468880E+000, 0.0000000E+000, 1.2699247E-003, 0.0000000E+000, 0.0000000E+000
 1.2360396E+002, 2.6722569E+001,-1.0027759E+001,-2.5828659E-001,-1.1854773E+001, 6.7567894E-004, 0.0000000E+000, 0.0000000E+000, 4.3829590E+000, 4.5824268E+000, 0.0000000E+000, 1.2699247E-003, 0.0000000E+000, 0.0000000E+000
 1.2420553E+002, 2.6680427E+001,-1.0055198E+001,-2.6011790E-001,-1.1821471E+001, 6.7524820E-004, 0.0000000E+000, 0.0000000E+000, 4.3884175E+000, 4.5443147E+000, 0.0000000E+000, 1.2699247E-003, 0.0000000E+000, 0.0000000E+000
 1.2480344E+002, 2.6427694E+001,-1.0050466E+001,-2.5583214E-001,-1.1942327E+001, 6.6023426E-004, 0.0000000E+000, 0.0000000E+000, 3.7620685E+000, 4.1797289E+000, 0.0000000E+000, 1.2699247E-003, 0.0000000E+000, 0.0000000E+000
 1.2540497E+002, 2.6799584E+001,-1.0118304E+001,-2.6263290E-001,-1.1961007E+001, 6.7683055E-004, 0.0000000E+000, 0.0000000E+000, 4.2240273E+000, 4.4583171E+000, 0.0000000E+000, 1.2699247E-003, 0.0000000E+000, 0.0000000E+000
 1.2600150E+002, 2.6858248E+001,-1.0139651E+001,-2.6162037E-001,-1.1990372E+001, 6.8125389E-004, 0.0000000E+000, 0.0000000E+000, 4.0259414E+000, 4.4672851E+000, 0.0000000E+000, 1.2699247E-003, 0.0000000E+000, 0.0000000E+000
 1.2660320E+002, 2.6404676E+001,-1.0084266E+001,-2.6193830E-001,-1.2053866E+001, 6.7243125E-004, 0.0000000E+000, 0.0000000E+000, 3.6473822E+000, 4.0052781E+000, 0.0000000E+000, 1.2699247E-003, 0.0000000E+000, 0.0000000E+000
 1.2720099E+002, 2.6850502E+001,-1.0175407E+001,-2.6091602E-001,-1.1949517E+001, 6.7560520E-004, 0.0000000E+000, 0.0000000E+000, 4.0469595E+000, 4.4653382E+000, 0.0000000E+000, 1.2699247E-003, 0.0000000E+000, 0.0000000E+000
 1.2780556E+002, 2.6383025E+001,-1.0095957E+001,-2.6065609E-001,-1.1929064E+001, 6.6629423E-004, 0.0000000E+000, 0.0000000E+000, 3.7362776E+000, 4.0980148E+000, 0.0000000E+000, 1.2699247E-003, 0.0000000E+000, 0.0000000E+000
 1.2840549E+002, 2.6675966E+001,-1.0179989E+001,-2.5984843E-001,-1.1967829E+001, 6.7604515E-004, 0.0000000E+000, 0.0000000E+000, 3.9625301E+000, 4.2689753E+000, 0.0000000E+000, 1.2699247E-003, 0.0000000E+000, 0.0000000E+000
 1.2900040E+002, 2.6626981E+001,-1.0157089E+001,-2.6276560E-001,-1.1969141E+001, 6.6743915E-004, 0.0000000E+000, 0.0000000E+000, 3.6863740E+000, 4.2386530E+000, 0.0000000E+000, 1.2699247E-003, 0.0000000E+000, 0.0000000E+000
 1.2960106E+002, 2.6755231E+001,-1.0232592E+001,-2.6543682E-001,-1.2009273E+001, 6.7288049E-004, 0.0000000E+000, 0.0000000E+000, 3.9897826E+000, 4.2486022E+000, 0.0000000E+000, 1.2699247E-003, 0.0000000E+000, 0.0000000E+000
 1.3020393E+002, 2.6579386E+001,-1.0208537E+001,-2.7231266E-001,-1.1940871E+001, 6.6897316E-004, 0.0000000E+000, 0.0000000E+000, 3.4915817E+000, 4.1583337E+000, 0.0000000E+000, 1.2699247E-003, 0.0000000E+000, 0.0000000E+000
 1.3080606E+002, 2.6685267E+001,-1.0223248E+001,-2.7845818E-001,-1.1964272E+001, 6.7358666E-004, 0.0000000E+000, 0.0000000E+000, 4.0790650E+000, 4.2199623E+000, 0.0000000E+000, 1.2699247E-003, 0.0000000E+000, 0.0000000E+000
 1.3140517E+002, 2.6849753E+001,-1.0257229E+001,-2.8063389E-001,-1.1928898E+001, 6.8061963E-004, 0.0000000E+000, 0.0000000E+000, 4.0529029E+000, 4.3836719E+000, 0.0000000E+000, 1.2699247E-003, 0.0000000E+000, 0.0000000E+000
 1.3200607E+002, 2.6252646E+001,-1.0203037E+001,-2.7648228E-001,-1.2062114E+001, 6.6221410E-004, 0.0000000E+000, 0.0000000E+000, 3.3618485E+000, 3.7116744E+000, 0.0000000E+000, 1.2699247E-003, 0.0000000E+000, 0.0000000E+000
 1.3260268E+002, 2.6650196E+001,-1.0282165E+001,-2.8350599E-001,-1.2001260E+001, 6.5698364E-004, 0.0000000E+000, 0.0000000E+000, 3.7329031E+000, 4.0839226E+000, 0.0000000E+000, 1.2699247E-003, 0.0000000E+000, 0.0000000E+000
 1.3320540E+002, 2.6896112E+001,-1.0327985E+001,-2.9086896E-001,-1.2007562E+001, 6.7257090E-004, 0.0000000E+000, 0.0000000E+000, 3.8351361E+000, 4.2703685E+000, 0.0000000E+000, 1.2699247E-003, 0.0000000E+000, 0.0000000E+000
 1.3380144E+002, 2.6259502E+001,-1.0233973E+001,-2.9389699E-001,-1.1955570E+001, 6.6711363E-004, 0.0000000E+000, 0.0000000E+000, 3.5283334E+000, 3.7767287E+000, 0.0000000E+000, 1.2699247E-003, 0.0000000E+000, 0.0000000E+000
 1.3440219E+002, 2.6931375E+001,-1.0358138E+001,-2.9062050E-001,-1.1953775E+001, 6.6941269E-004, 0.0000000E+000, 0.0000000E+000, 4.1107744E+000, 4.3295117E+000, 0.0000000E+000, 1.2699247E-003, 0.0000000E+000, 0.0000000E+000
 1.3500114E+002, 2.6643259E+001,-1.0361694E+001,-2.8568509E-001,-1.1945051E+001, 6.6121571E-004, 0.0000000E+000, 0.0000000E+000, 3.5640208E+000, 4.0514912E+000, 0.0000000E+000, 1.2699247E-003, 0.0000000E+000, 0.0000000E+000
 1.3560333E+002, 2.6586968E+001,-1.0352779E+001,-2.9688461E-001,-1.2010100E+001, 6.6527105E-004, 0.0000000E+000, 0.0000000E+000, 3.4601172E+000, 3.9278696E+000, 0.0000000E+000, 1.2699247E-003, 0.0000000E+000, 0.0000000E+000
 1.3620204E+002, 2.6554227E+001,-1.0370691E+001,-3.0513818E-001,-1.2105949E+001, 6.7581780E-004, 0.0000000E+000, 0.0000000E+000, 3.1782848E+000, 3.7731247E+000, 0.0000000E+000, 1.2699247E-003, 0.0000000E+000, 0.0000000E+000
 1.3680173E+002, 2.6811613E+001,-1.0412478E+001,-3.1380372E-001,-1.2151388E+001, 6.7209684E-004, 0.0000000E+000, 0.0000000E+000, 3.3893742E+000, 3.9346154E+000, 0.0000000E+000, 1.2699247E-003, 0.0000000E+000, 0.0000000E+000
 1.3740237E+002, 2.6641178E+001,-1.0395316E+001,-3.1242379E-001,-1.2145521E+001, 6.7057872E-004, 0.0000000E+000, 0.0000000E+000, 3.3768115E+000, 3.7885881E+000, 0.0000000E+000, 1.2699247E-003, 0.0000000E+000, 0.0000000E+000
 1.3800011E+002, 2.6399246E+001,-1.0383052E+001,-3.1125393E-001,-1.2082207E+001, 6.6192967E-004, 0.0000000E+000, 0.0000000E+000, 3.2416533E+000, 3.6233947E+000, 0.0000000E+000, 1.2699247E-003, 0.0000000E+000, 0.0000000E+000
 1.3860049E+002, 2.6863828E+001,-1.0478612E+001,-3.1940857E-001,-1.2175978E+001, 6.6522830E-004, 0.0000000E+000, 0.0000000E+000, 3.3955840E+000, 3.8904955E+000, 0.0000000E+000, 1.2699247E-003, 0.0000000E+000, 0.0000000E+000
 1.3920390E+002, 2.6805842E+001,-1.0469427E+001,-3.1121538E-001,-1.2277761E+001, 6.7145369E-004, 0.0000000E+000, 0.0000000E+000, 2.9330430E+000, 3.7481100E+000, 0.0000000E+000, 1.2699247E-003, 0.0000000E+000, 0.0000000E+000
 1.3980090E+002, 2.6492044E+001,-1.0474309E+001,-3.1305075E-001,-1.2249758E+001, 6.7902051E-004, 0.0000000E+000, 0.0000000E+000, 3.2544992E+000, 3.4556055E+000, 0.0000000E+000, 1.2699247E-003, 0.0000000E+000, 0.0000000E+000
 1.4040396E+002, 2.6493344E+001,-1.0435304E+001,-2.9575393E-001,-1.2213023E+001, 6.6595929E-004, 0.0000000E+000, 0.0000000E+000, 3.2161115E+000, 3.5499298E+000, 0.0000000E+000, 1.2699247E-003, 0.0000000E+000, 0.0000000E+000
 1.4100449E+002, 2.6676462E+001,-1.0481940E+001,-2.8543339E-001,-1.2048639E+001, 6.7053318E-004, 0.0000000E+000, 0.0000000E+000, 3.4490733E+000, 3.8611197E+000, 0.0000000E+000, 1.2699247E-003, 0.0000000E+000, 0.0000000E+000
 1.4160388E+002, 2.6626854E+001,-1.0497006E+001,-2.8687435E-001,-1.2072102E+001, 6.7204062E-004, 0.0000000E+000, 0.0000000E+000, 3.3509433E+000, 3.7715445E+000, 0.0000000E+000, 1.2699247E-003, 0.0000000E+000, 0.0000000E+000
 1.4220169E+002, 2.6718429E+001,-1.0538458E+001,-2.9286986E-001,-1.2001244E+001, 6.7031900E-004, 0.0000000E+000, 0.0000000E+000, 3.3393665E+000, 3.8865272E+000, 0.0000000E+000, 1.2699247E-003, 0.0000000E+000, 0.0000000E+000
 1.4280214E+002, 2.6648203E+001,-1.0515720E+001,-3.0505286E-001,-1.2148497E+001, 6.6841429E-004, 0.0000000E+000, 0.0000000E+000, 3.4599067E+000, 3.6796027E+000, 0.0000000E+000, 1.2699247E-003, 0.0000000E+000, 0.0000000E+000
 1.4340517E+002, 2.6417644E+001,-1.0531780E+001,-3.0301835E-001,-1.2100814E+001, 6.6422727E-004, 0.0000000E+000, 0.0000000E+000, 2.9286031E+000, 3.4826963E+000, 0.0000000E+000, 1.2699247E-003, 0.0000000E+000, 0.0000000E+000
 1.4400067E+002, 2.6678168E+001,-1.0565668E+001,-3.0956378E-001,-1.2235649E+001, 6.6902334E-004, 0.0000000E+000, 0.0000000E+000, 3.5649600E+000, 3.5679567E+000, 0.0000000E+000, 1.2699247E-003, 0.0000000E+000, 0.0000000E+000
 1.4460442E+002, 2.6831794E+001,-1.0591976E+001,-3.0505171E-001,-1.2295361E+001, 6.6600015E-004, 0.0000000E+000, 0.0000000E+000, 3.4056588E+000, 3.6400709E+000, 0.0000000E+000, 1.2699247E-003, 0.0000000E+000, 0.0000000E+000
 1.4520377E+002, 2.6781574E+001,-1.0596697E+001,-2.9339785E-001,-1.2259432E+001, 6.7532630E-004, 0.0000000E+000, 0.0000000E+000, 3.1291365E+000, 3.6327227E+000, 0.0000000E+000, 1.2699247E-003, 0.0000000E+000, 0.0000000E+000
 1.4580199E+002, 2.6531676E+001,-1.0581577E+001,-3.0864246E-001,-1.2243030E+001, 6.6404620E-004, 0.0000000E+000, 0.0000000E+000, 3.1543463E+000, 3.3990901E+000, 0.0000000E+000, 1.2699247E-003, 0.0000000E+000, 0.0000000E+000
 1.4640199E+002, 2.6748855E+001,-1.0622069E+001,-3.2974796E-001,-1.2196302E+001, 6.7394098E-004, 0.0000000E+000, 0.0000000E+000, 3.3305250E+000, 3.6014103E+000, 0.0000000E+000, 1.2699247E-003, 0.0000000E+000, 0.0000000E+000
 1.4700043E+002, 2.6530939E+001,-1.0605211E+001,-3.4808966E-001,-1.2149321E+001, 6.7788750E-004, 0.0000000E+000, 0.0000000E+000, 3.2179059E+000, 3.4289948E+000, 0.0000000E+000, 1.2699247E-003, 0.0000000E+000, 0.0000000E+000
 1.4760149E+002, 2.6556225E+001,-1.0594593E+001,-3.5429535E-001,-1.2042006E+001, 6.7741416E-004, 0.0000000E+000, 0.0000000E+000, 3.1022538E+000, 3.5660082E+000, 0.0000000E+000, 1.2699247E-003, 0.0000000E+000, 0.0000000E+000
 1.4820282E+002, 2.6748466E+001,-1.0669886E+001,-3.4852485E-001,-1.2048083E+001, 6.7435316E-004, 0.0000000E+000, 0.0000000E+000, 3.4279100E+000, 3.6826468E+000, 0.0000000E+000, 1.2699247E-003, 0.0000000E+000, 0.0000000E+000
 1.4880612E+002, 2.6545686E+001,-1.0616552E+001,-3.3348290E-001,-1.1900065E+001, 6.6696522E-004, 0.0000000E+000, 0.0000000E+000, 3.3481580E+000, 3.6962532E+000, 0.0000000E+000, 1.2699247E-003, 0.0000000E+000, 0.0000000E+000
 1.4940063E+002, 2.6566260E+001,-1.0663207E+001,-3.1720735E-001,-1.1858411E+001, 6.6542655E-004, 0.0000000E+000, 0.0000000E+000, 3.1878930E+000, 3.7280997E+000, 0.0000000E+000, 1.2699247E-003, 0.0000000E+000, 0.0000000E+000
 1.5000049E+002, 2.6790221E+001,-1.0676280E+001,-3.2966722E-001,-1.1910384E+001, 6.6836024E-004, 0.0000000E+000, 0.0000000E+000, 3.5035185E+000, 3.8745585E+000, 0.0000000E+000, 1.2699247E-003, 0.0000000E+000, 0.0000000E+000
 1.5060414E+002, 2.6444432E+001,-1.0661677E+001,-3.3601852E-001,-1.1963201E+001, 6.6754676E-004, 0.0000000E+000, 0.0000000E+000, 3.1485507E+000, 3.4842028E+000, 0.0000000E+000, 1.2699247E-003, 0.0000000E+000, 0.0000000E+000
 1.5120213E+002, 2.6815787E+001,-1.0727582E+001,-3.5297011E-001,-1.2032693E+001, 6.6431009E-004, 0.0000000E+000, 0.0000000E+000, 3.7558864E+000, 3.7032065E+000, 0.0000000E+000, 1.2699247E-003, 0.0000000E+000, 0.0000000E+000
 1.5180115E+002, 2.6536463E+001,-1.0700946E+001,-3.4480972E-001,-1.2102557E+001, 6.6629846E-004, 0.0000000E+000, 0.0000000E+000, 3.2672422E+000, 3.3888170E+000, 0.0000000E+000, 1.2699247E-003, 0.0000000E+000, 0.0000000E+000
 1.5240610E+002, 2.6727611E+001,-1.0758356E+001,-3.3896584E-001,-1.2053450E+001, 6.7529949E-004, 0.0000000E+000, 0.0000000E+000, 3.3659708E+000, 3.5775143E+000, 0.0000000E+000, 1.2699247E-003, 0.0000000E+000, 0.0000000E+000
 1.5300279E+002, 2.6659513E+001,-1.0724905E+001,-3.4378336E-001,-1.2043491E+001, 6.7296304E-004, 0.0000000E+000, 0.0000000E+000, 3.2988992E+000, 3.5480068E+000, 0.0000000E+000, 1.2699247E-003, 0.0000000E+000, 0.0000000E+000
 1.5360138E+002, 2.6747011E+001,-1.0799201E+001,-3.3187401E-001,-1.2022653E+001, 6.7345402E-004, 0.0000000E+000, 0.0000000E+000, 3.0898917E+000, 3.5939561E+000, 0.0000000E+000, 1.2699247E-003, 0.0000000E+000, 0.0000000E+000
 1.5420366E+002, 2.6580453E+001,-1.0770195E+001,-3.4325771E-001,-1.1901540E+001, 6.7378155E-004, 0.0000000E+000, 0.0000000E+000, 3.2535417E+000, 3.5661341E+000, 0.0000000E+000, 1.2699247E-003, 0.0000000E+000, 0.0000000E+000
 1.5480122E+002, 2.6495970E+001,-1.0743490E+001,-3.4768091E-001,-1.1839392E+001, 6.6735355E-004, 0.0000000E+000, 0.0000000E+000, 3.2923428E+000, 3.5660747E+000, 0.0000000E+000, 1.2699247E-003, 0.0000000E+000, 0.0000000E+000
 1.5540184E+002, 2.6610747E+001,-1.0762697E+001,-3.5465909E-001,-1.1840684E+001, 6.6351032E-004, 0.0000000E+000, 0.0000000E+000, 3.5382165E+000, 3.6533704E+000, 0.0000000E+000, 1.2699247E-003, 0.0000000E+000, 0.0000000E+000
 1.5600307E+002, 2.6682025E+001,-1.0806692E+001,-3.4762301E-001,-1.1798105E+001, 6.7351408E-004, 0.0000000E+000, 0.0000000E+000, 3.2002894E+000, 3.7302794E+000, 0.0000000E+000, 1.2699247E-003, 0.0000000E+000, 0.0000000E+000
 1.5660292E+002, 2.6611406E+001,-1.0827739E+001,-3.5344399E-001,-1.1998347E+001, 6.7603830E-004, 0.0000000E+000, 0.0000000E+000, 2.9663106E+000, 3.4325524E+000, 0.0000000E+000, 1.2699247E-003, 0.0000000E+000, 0.0000000E+000
 1.5720456E+002, 2.6868995E+001,-1.0885102E+001,-3.5477752E-001,-1.2195408E+001, 6.7471530E-004, 0.0000000E+000, 0.0000000E+000, 3.2092173E+000, 3.4343817E+000, 0.0000000E+000, 1.2699247E-003, 0.0000000E+000, 0.0000000E+000
 1.5780199E+002, 2.6656044E+001,-1.0863595E+001,-3.5465649E-001,-1.2267244E+001, 6.8637339E-004, 0.0000000E+000, 0.0000000E+000, 2.6632872E+000, 3.1712359E+000, 0.0000000E+000, 1.2699247E-003, 0.0000000E+000, 0.0000000E+000
 1.5840520E+002, 2.6626609E+001,-1.0888625E+001,-3.6644738E-001,-1.2296873E+001, 6.8932982E-004, 0.0000000E+000, 0.0000000E+000, 2.8751031E+000, 3.0753531E+000, 0.0000000E+000, 1.2699247E-003, 0.0000000E+000, 0.0000000E+000
 1.5900227E+002, 2.6674480E+001,-1.0920637E+001,-3.7528221E-001,-1.2227981E+001, 6.7980542E-004, 0.0000000E+000, 0.0000000E+000, 3.0028049E+000, 3.1512595E+000, 0.0000000E+000, 1.2699247E-003, 0.0000000E+000, 0.0000000E+000
 1.5960086E+002, 2.6524445E+001,-1.0890562E+001,-3.7244310E-001,-1.2180211E+001, 6.6899145E-004, 0.0000000E+000, 0.0000000E+000, 2.8046079E+000, 3.0818975E+000, 0.0000000E+000, 1.2699247E-003, 0.0000000E+000, 0.0000000E+000
 1.6020378E+002, 2.6488488E+001,-1.0884271E+001,-3.5740568E-001,-1.2154659E+001, 6.5898542E-004, 0.0000000E+000, 0.0000000E+000, 2.7251305E+000, 3.0928115E+000, 0.0000000E+000, 1.2699247E-003, 0.0000000E+000, 0.0000000E+000
 1.6080420E+002, 2.6801761E+001,-1.0941693E+001,-3.5609580E-001,-1.2042361E+001, 6.6787725E-004, 0.0000000E+000, 0.0000000E+000, 3.0617920E+000, 3.4622787E+000, 0.0000000E+000, 1.2699247E-003, 0.0000000E+000, 0.0000000E+000
 1.6140247E+002, 2.6522918E+001,-1.0901941E+001,-3.6629063E-001,-1.2019857E+001, 6.7954893E-004, 0.0000000E+000, 0.0000000E+000, 2.8844986E+000, 3.2355093E+000, 0.0000000E+000, 1.2699247E-003, 0.0000000E+000, 0.0000000E+000
 1.6200441E+002, 2.6852400E+001,-1.0998129E+001,-3.8263268E-001,-1.2144049E+001, 6.8080404E-004, 0.0000000E+000, 0.0000000E+000, 2.7115026E+000, 3.3282699E+000, 0.0000000E+000, 1.2699247E-003, 0.0000000E+000, 0.0000000E+000
 1.6260054E+002, 2.6611050E+001,-1.0945243E+001,-4.1675589E-001,-1.2180408E+001, 6.6638760E-004, 0.0000000E+000, 0.0000000E+000, 2.8943928E+000, 3.0693093E+000, 0.0000000E+000, 1.2699247E-003, 0.0000000E+000, 0.0000000E+000
 1.6320538E+002, 2.6613699E+001,-1.0977470E+001,-4.2853421E-001,-1.2123571E+001, 6.7063548E-004, 0.0000000E+000, 0.0000000E+000, 2.6855030E+000, 3.0847939E+000, 0.0000000E+000, 1.2699247E-003, 0.0000000E+000, 0.0000000E+000
 1.6380228E+002, 2.6395824E+001,-1.0937818E+001,-4.1400536E-001,-1.2163729E+001, 6.6976932E-004, 0.0000000E+000, 0.0000000E+000, 2.4852318E+000, 2.8809413E+000, 0.0000000E+000, 1.2699247E-003, 0.0000000E+000, 0.0000000E+000
 1.6440257E+002, 2.6734695E+001,-1.1030412E+001,-3.9116661E-001,-1.2297439E+001, 6.6157963E-004, 0.0000000E+000, 0.0000000E+000, 2.6962377E+000, 3.0163391E+000, 0.0000000E+000, 1.2699247E-003, 0.0000000E+000, 0.0000000E+000
 1.6500560E+002, 2.6654220E+001,-1.1034647E+001,-3.7523680E-001,-1.2280976E+001, 6.7675092E-004, 0.0000000E+000, 0.0000000E+000, 2.6418953E+000, 2.9640377E+000, 0.0000000E+000, 1.2699247E-003, 0.0000000E+000, 0.0000000E+000
 1.6560341E+002, 2.6658388E+001,-1.1036876E+001,-3.7734396E-001,-1.2289658E+001, 6.6734793E-004, 0.0000000E+000, 0.0000000E+000, 2.4856278E+000, 2.9551768E+000, 0.0000000E+000, 1.2699247E-003, 0.0000000E+000, 0.0000000E+000
 1.6620308E+002, 2.6666677E+001,-1.1057733E+001,-3.8977235E-001,-1.2227290E+001, 6.6927324E-004, 0.0000000E+000, 0.0000000E+000, 2.7957167E+000, 2.9925508E+000, 0.0000000E+000, 1.2699247E-003, 0.0000000E+000, 0.0000000E+000
 1.6680368E+002, 2.6624853E+001,-1.1056133E+001,-4.0246558E-001,-1.2252507E+001, 6.6956963E-004, 0.0000000E+000, 0.0000000E+000, 2.5456826E+000, 2.9144165E+000, 0.0000000E+000, 1.2699247E-003, 0.0000000E+000, 0.0000000E+000
 1.6740172E+002, 2.6724202E+001,-1.1103460E+001,-4.1308438E-001,-1.2369977E+001, 6.6464172E-004, 0.0000000E+000, 0.0000000E+000, 2.5345217E+000, 2.8383450E+000, 0.0000000E+000, 1.2699247E-003, 0.0000000E+000, 0.0000000E+000
 1.6800575E+002, 2.6417983E+001,-1.1055665E+001,-4.1673255E-001,-1.2495839E+001, 6.6455001E-004, 0.0000000E+000, 0.0000000E+000, 2.0537297E+000, 2.4504110E+000, 0.0000000E+000, 1.2699247E-003, 0.0000000E+000, 0.0000000E+000
 1.6860272E+002, 2.6826760E+001,-1.1139228E+001,-4.1900619E-001,-1.2505095E+001, 6.7257193E-004, 0.0000000E+000, 0.0000000E+000, 2.3922268E+000, 2.7641031E+000, 0.0000000E+000, 1.2699247E-003, 0.0000000E+000, 0.0000000E+000
 1.6920438E+002, 2.6672920E+001,-1.1103325E+001,-4.1450849E-001,-1.2536995E+001, 6.6625064E-004, 0.0000000E+000, 0.0000000E+000, 2.2902288E+000, 2.6187575E+000, 0.0000000E+000, 1.2699247E-003, 0.0000000E+000, 0.0000000E+000
 1.6980428E+002, 2.6579898E+001,-1.1129725E+001,-4.0099279E-001,-1.2480653E+001, 6.6641000E-004, 0.0000000E+000, 0.0000000E+000, 2.0663891E+000, 2.5691937E+000, 0.0000000E+000, 1.2699247E-003, 0.0000000E+000, 0.0000000E+000
 1.7040115E+002, 2.6618870E+001,-1.1111802E+001,-3.9484144E-001,-1.2373631E+001, 6.6786121E-004, 0.0000000E+000, 0.0000000E+000, 2.5059869E+000, 2.7392635E+000, 0.0000000E+000, 1.2699247E-003, 0.0000000E+000, 0.0000000E+000
 1.7100439E+002, 2.6465076E+001,-1.1127227E+001,-3.8102787E-001,-1.2426947E+001, 6.7044498E-004, 0.0000000E+000, 0.0000000E+000, 1.8042170E+000, 2.5305450E+000, 0.0000000E+000, 1.2699247E-003, 0.0000000E+000, 0.0000000E+000
 1.7160507E+002, 2.6987382E+001,-1.1186012E+001,-3.9203908E-001,-1.2465181E+001, 6.6814304E-004, 0.0000000E+000, 0.0000000E+000, 2.5410475E+000, 2.9448174E+000, 0.0000000E+000, 1.2699247E-003, 0.0000000E+000, 0.0000000E+000
 1.7220245E+002, 2.6428801E+001,-1.1154089E+001,-3.9045607E-001,-1.2455569E+001, 6.6545843E-004, 0.0000000E+000, 0.0000000E+000, 2.1808853E+000, 2.4293524E+000, 0.0000000E+000, 1.2699247E-003, 0.0000000E+000, 0.0000000E+000
 1.7280255E+002, 2.6737089E+001,-1.1173871E+001,-3.9854033E-001,-1.2358594E+001, 6.7272766E-004, 0.0000000E+000, 0.0000000E+000, 2.5089466E+000, 2.8067568E+000, 0.0000000E+000, 1.2699247E-003, 0.0000000E+000, 0.0000000E+000
 1.7340437E+002, 2.6575307E+001,-1.1152671E+001,-3.9451772E-001,-1.2374606E+001, 6.7016156E-004, 0.0000000E+000, 0.0000000E+000, 2.4459508E+000, 2.6541829E+000, 0.0000000E+000, 1.2699247E-003, 0.0000000E+000, 0.0000000E+000
 1.7400371E+002, 2.6612765E+001,-1.1184303E+001,-3.9636649E-001,-1.2328573E+001, 6.7225144E-004, 0.0000000E+000, 0.0000000E+000, 2.3063601E+000, 2.7041947E+000, 0.0000000E+000, 1.2699247E-003, 0.0000000E+000, 0.0000000E+000
 1.7460321E+002, 2.6716828E+001,-1.1210510E+001,-4.1712233E-001,-1.2303868E+001, 6.7845350E-004, 0.0000000E+000, 0.0000000E+000, 2.3677720E+000, 2.7860062E+000, 0.0000000E+000, 1.2699247E-003, 0.0000000E+000, 0.0000000E+000
 1.7520439E+002, 2.6736252E+001,-1.1206534E+001,-4.3235206E-001,-1.2420195E+001, 6.7708843E-004, 0.0000000E+000, 0.0000000E+000, 2.4451953E+000, 2.6778480E+000, 0.0000000E+000, 1.2699247E-003, 0.0000000E+000, 0.0000000E+000
 1.7580568E+002, 2.6377474E+001,-1.1200897E+001,-4.2666569E-001,-1.2419999E+001, 6.6318164E-004, 0.0000000E+000, 0.0000000E+000, 1.8177326E+000, 2.3305753E+000, 0.0000000E+000, 1.2699247E-003, 0.0000000E+000, 0.0000000E+000
 1.7640001E+002, 2.6722516E+001,-1.1246726E+001,-4.3997476E-001,-1.2413368E+001, 6.6299398E-004, 0.0000000E+000, 0.0000000E+000, 2.3814587E+000, 2.6231099E+000, 0.0000000E+000, 1.2699247E-003, 0.0000000E+000, 0.0000000E+000
 1.7700270E+002, 2.6631346E+001,-1.1232127E+001,-4.3765292E-001,-1.2386856E+001, 6.6469784E-004, 0.0000000E+000, 0.0000000E+000, 2.1912299E+000, 2.5753742E+000, 0.0000000E+000, 1.2699247E-003, 0.0000000E+000, 0.0000000E+000
 1.7760471E+002, 2.6661578E+001,-1.1242073E+001,-4.3341235E-001,-1.2364015E+001, 6.6352646E-004, 0.0000000E+000, 0.0000000E+000, 2.1082065E+000, 2.6227406E+000, 0.0000000E+000, 1.2699247E-003, 0.0000000E+000, 0.0000000E+000
 1.7820197E+002, 2.6786413E+001,-1.1259371E+001,-4.3154917E-001,-1.2404546E+001, 6.7095359E-004, 0.0000000E+000, 0.0000000E+000, 2.3721988E+000, 2.6916173E+000, 0.0000000E+000, 1.2699247E-003, 0.0000000E+000, 0.0000000E+000
 1.7880080E+002, 2.6561876E+001,-1.1225125E+001,-4.2822218E-001,-1.2328397E+001, 6.7249879E-004, 0.0000000E+000, 0.0000000E+000, 2.2899428E+000, 2.5808041E+000, 0.0000000E+000, 1.2699247E-003, 0.0000000E+000, 0.0000000E+000
 1.7940234E+002, 2.6449120E+001,-1.1245600E+001,-4.3018898E-001,-1.2352444E+001, 6.6206480E-004, 0.0000000E+000, 0.0000000E+000, 2.2273719E+000, 2.4215495E+000, 0.0000000E+000, 1.2699247E-003, 0.0000000E+000, 0.0000000E+000
 1.8000134E+002, 2.6668412E+001,-1.1264537E+001,-4.4258159E-001,-1.2228919E+001, 6.7566159E-004, 0.0000000E+000, 0.0000000E+000, 2.2090513E+000, 2.7330510E+000, 0.0000000E+000, 1.2699247E-003, 0.0000000E+000, 0.0000000E+000
 1.8060426E+002, 2.6757574E+001,-1.1324053E+001,-4.4795035E-001,-1.2372803E+001, 6.7030559E-004, 0.0000000E+000, 0.0000000E+000, 1.9552388E+000, 2.6134382E+000, 0.0000000E+000, 1.2699247E-003, 0.0000000E+000, 0.0000000E+000
 1.8120354E+002, 2.6705888E+001,-1.1318923E+001,-4.4032297E-001,-1.2439228E+001, 6.7007733E-004, 0.0000000E+000, 0.0000000E+000, 1.9708949E+000, 2.5080836E+000, 0.0000000E+000, 1.2699247E-003, 0.0000000E+000, 0.0000000E+000
 1.8180179E+002, 2.6447223E+001,-1.1259534E+001,-4.2638596E-001,-1.2392419E+001, 6.6619947E-004, 0.0000000E+000, 0.0000000E+000, 1.9733051E+000, 2.3695495E+000, 0.0000000E+000, 1.2699247E-003, 0.0000000E+000, 0.0000000E+000
 1.8240215E+002, 2.6660160E+001,-1.1325734E+001,-4.0767933E-001,-1.2311338E+001, 6.6996048E-004, 0.0000000E+000, 0.0000000E+000, 2.2469387E+000, 2.6160785E+000, 0.0000000E+000, 1.2699247E-003, 0.0000000E+000, 0.0000000E+000
 1.8300644E+002, 2.6533784E+001,-1.1313470E+001,-3.9791846E-001,-1.2363454E+001, 6.5515929E-004, 0.0000000E+000, 0.0000000E+000, 1.9966389E+000, 2.4595968E+000, 0.0000000E+000, 1.2699247E-003, 0.0000000E+000, 0.0000000E+000
 1.8360217E+002, 2.6990996E+001,-1.1409491E+001,-4.1143872E-001,-1.2354587E+001, 6.7395516E-004, 0.0000000E+000, 0.0000000E+000, 2.4453755E+000, 2.8161535E+000, 0.0000000E+000, 1.2699247E-003, 0.0000000E+000, 0.0000000E+000
 1.8420523E+002, 2.6731870E+001,-1.1357644E+001,-4.3088534E-001,-1.2434014E+001, 6.7171344E-004, 0.0000000E+000, 0.0000000E+000, 1.7577291E+000, 2.5099992E+000, 0.0000000E+000, 1.2699247E-003, 0.0000000E+000, 0.0000000E+000
 1.8480481E+002, 2.6493587E+001,-1.1342292E+001,-4.5241464E-001,-1.2399113E+001, 6.7689395E-004, 0.0000000E+000, 0.0000000E+000, 2.1118687E+000, 2.3004437E+000, 0.0000000E+000, 1.2699247E-003, 0.0000000E+000, 0.0000000E+000
 1.8540646E+002, 2.6577851E+001,-1.1394557E+001,-4.5721897E-001,-1.2400714E+001, 6.6709175E-004, 0.0000000E+000, 0.0000000E+000, 2.0807556E+000, 2.3260282E+000, 0.0000000E+000, 1.2699247E-003, 0.0000000E+000, 0.0000000E+000
 1.8600107E+002, 2.6612709E+001,-1.1362235E+001,-4.6357327E-001,-1.2332414E+001, 6.8449415E-004, 0.0000000E+000, 0.0000000E+000, 2.3945535E+000, 2.4551712E+000, 0.0000000E+000, 1.2699247E-003, 0.0000000E+000, 0.0000000E+000
 1.8660612E+002, 2.6533454E+001,-1.1403351E+001,-4.4406983E-001,-1.2348589E+001, 6.7001462E-004, 0.0000000E+000, 0.0000000E+000, 2.2375560E+000, 2.3381149E+000, 0.0000000E+000, 1.2699247E-003, 0.0000000E+000, 0.0000000E+000
 1.8720544E+002, 2.6763166E+001,-1.1378985E+001,-4.4105522E-001,-1.2330719E+001, 6.7462743E-004, 0.0000000E+000, 0.0000000E+000, 2.3228384E+000, 2.6130813E+000, 0.0000000E+000, 1.2699247E-003, 0.0000000E+000, 0.0000000E+000
 1.8780254E+002, 2.6626274E+001,-1.1410032E+001,-4.4365530E-001,-1.2382418E+001, 6.7352054E-004, 0.0000000E+000, 0.0000000E+000, 2.2308496E+000, 2.3908415E+000, 0.0000000E+000, 1.2699247E-003, 0.0000000E+000, 0.0000000E+000
 1.8840254E+002, 2.6570285E+001,-1.1400039E+001,-4.4627994E-001,-1.2435444E+001, 6.5704168E-004, 0.0000000E+000, 0.0000000E+000, 1.9720244E+000, 2.2891791E+000, 0.0000000E+000, 1.2699247E-003, 0.0000000E+000, 0.0000000E+000
 1.8900177E+002, 2.6633509E+001,-1.1405308E+001,-4.5208045E-001,-1.2362344E+001, 6.6488761E-004, 0.0000000E+000, 0.0000000E+000, 2.4233091E+000, 2.4144411E+000, 0.0000000E+000, 1.2699247E-003, 0.0000000E+000, 0.0000000E+000
 1.8960384E+002, 2.6592971E+001,-1.1435079E+001,-4.4952319E-001,-1.2273228E+001, 6.6442673E-004, 0.0000000E+000, 0.0000000E+000, 1.9792959E+000, 2.4358054E+000, 0.0000000E+000, 1.2699247E-003, 0.0000000E+000, 0.0000000E+000
 1.9020038E+002, 2.6844357E+001,-1.1464971E+001,-4.4948754E-001,-1.2276599E+001, 6.7195345E-004, 0.0000000E+000, 0.0000000E+000, 1.9664309E+000, 2.6539710E+000, 0.0000000E+000, 1.2699247E-003, 0.0000000E+000, 0.0000000E+000
 1.9080312E+002, 2.6620060E+001,-1.1432488E+001,-4.5496929E-001,-1.2316956E+001, 6.6842040E-004, 0.0000000E+000, 0.0000000E+000, 2.0035735E+000, 2.4163152E+000, 0.0000000E+000, 1.2699247E-003, 0.0000000E+000, 0.0000000E+000
 1.9140016E+002, 2.6690670E+001,-1.1466044E+001,-4.5580645E-001,-1.2416746E+001, 6.7740314E-004, 0.0000000E+000, 0.0000000E+000, 1.8177744E+000, 2.3527507E+000, 0.0000000E+000, 1.2699247E-003, 0.0000000E+000, 0.0000000E+000
 1.9200392E+002, 2.6566651E+001,-1.1466761E+001,-4.5896332E-001,-1.2428985E+001, 6.7130038E-004, 0.0000000E+000, 0.0000000E+000, 1.8303252E+000, 2.2126133E+000, 0.0000000E+000, 1.2699247E-003, 0.0000000E+000, 0.0000000E+000
 1.9260611E+002, 2.6607993E+001,-1.1464179E+001,-4.6250059E-001,-1.2344464E+001, 6.6501061E-004, 0.0000000E+000, 0.0000000E+000, 2.1574950E+000, 2.3375156E+000, 0.0000000E+000, 1.2699247E-003, 0.0000000E+000, 0.0000000E+000
 1.9320273E+002, 2.6565895E+001,-1.1446627E+001,-4.6469811E-001,-1.2149194E+001, 6.6587542E-004, 0.0000000E+000, 0.0000000E+000, 2.2266310E+000, 2.5060416E+000, 0.0000000E+000, 1.2699247E-003, 0.0000000E+000, 0.0000000E+000
 1.9380638E+002, 2.6606707E+001,-1.1486719E+001,-4.6337878E-001,-1.2175094E+001, 6.6704460E-004, 0.0000000E+000, 0.0000000E+000, 2.2185121E+000, 2.4821834E+000, 0.0000000E+000, 1.2699247E-003, 0.0000000E+000, 0.0000000E+000
 1.9440096E+002, 2.6761296E+001,-1.1530507E+001,-4.5899760E-001,-1.2199958E+001, 6.7145125E-004, 0.0000000E+000, 0.0000000E+000, 2.1765449E+000, 2.5725053E+000, 0.0000000E+000, 1.2699247E-003, 0.0000000E+000, 0.0000000E+000
 1.9500096E+002, 2.6697582E+001,-1.1515346E+001,-4.6698162E-001,-1.2232382E+001, 6.7136011E-004, 0.0000000E+000, 0.0000000E+000, 2.1097776E+000, 2.4835439E+000, 0.0000000E+000, 1.2699247E-003, 0.0000000E+000, 0.0000000E+000
 1.9560532E+002, 2.6570274E+001,-1.1515626E+001,-4.8044092E-001,-1.2223028E+001, 6.6536731E-004, 0.0000000E+000, 0.0000000E+000, 2.1738789E+000, 2.3518446E+000, 0.0000000E+000, 1.2699247E-003, 0.0000000E+000, 0.0000000E+000
 1.9620065E+002, 2.6701699E+001,-1.1566580E+001,-4.9042694E-001,-1.2252327E+001, 6.6088073E-004, 0.0000000E+000, 0.0000000E+000, 2.1959782E+000, 2.3930263E+000, 0.0000000E+000, 1.2699247E-003, 0.0000000E+000, 0.0000000E+000
 1.9680110E+002, 2.6606482E+001,-1.1529623E+001,-4.7934307E-001,-1.2271667E+001, 6.6894002E-004, 0.0000000E+000, 0.0000000E+000, 1.7573029E+000, 2.3265184E+000, 0.0000000E+000, 1.2699247E-003, 0.0000000E+000, 0.0000000E+000
 1.9740221E+002, 2.6603778E+001,-1.1572486E+001,-4.6402052E-001,-1.2351696E+001, 6.5745909E-004, 0.0000000E+000, 0.0000000E+000, 1.7863747E+000, 2.2162327E+000, 0.0000000E+000, 1.2699247E-003, 0.0000000E+000, 0.0000000E+000
 1.9800182E+002, 2.6754745E+001,-1.1574293E+001,-4.5547796E-001,-1.2472765E+001, 6.7191486E-004, 0.0000000E+000, 0.0000000E+000, 1.9580032E+000, 2.2528807E+000, 0.0000000E+000, 1.2699247E-003, 0.0000000E+000, 0.0000000E+000
 1.9860371E+002, 2.6463559E+001,-1.1578109E+001,-4.5986982E-001,-1.2459172E+001, 6.6648889E-004, 0.0000000E+000, 0.0000000E+000, 1.5056003E+000, 1.9670746E+000, 0.0000000E+000, 1.2699247E-003, 0.0000000E+000, 0.0000000E+000
 1.9920264E+002, 2.6705435E+001,-1.1579946E+001,-4.7941790E-001,-1.2466024E+001, 6.7275372E-004, 0.0000000E+000, 0.0000000E+000, 1.5749238E+000, 2.1807197E+000, 0.0000000E+000, 1.2699247E-003, 0.0000000E+000, 0.0000000E+000
 1.9980438E+002, 2.6585155E+001,-1.1575401E+001,-5.0420190E-001,-1.2430069E+001, 6.6404301E-004, 0.0000000E+000, 0.0000000E+000, 1.7591017E+000, 2.0761470E+000, 0.0000000E+000, 1.2699247E-003, 0.0000000E+000, 0.0000000E+000
 2.0040140E+002, 2.6669150E+001,-1.1605553E+001,-5.1837859E-001,-1.2333094E+001, 6.6553360E-004, 0.0000000E+000, 0.0000000E+000, 1.9564362E+000, 2.2127891E+000, 0.0000000E+000, 1.2699247E-003, 0.0000000E+000, 0.0000000E+000
 2.0100421E+002, 2.6599227E+001,-1.1602486E+001,-5.1496768E-001,-1.2265320E+001, 6.5754285E-004, 0.0000000E+000, 0.0000000E+000, 1.9740339E+000, 2.2171108E+000, 0.0000000E+000, 1.2699247E-003, 0.0000000E+000, 0.0000000E+000
 2.0160292E+002, 2.6799011E+001,-1.1641463E+001,-4.9183154E-001,-1.2304063E+001, 6.7416831E-004, 0.0000000E+000, 0.0000000E+000, 1.8529737E+000, 2.3623283E+000, 0.0000000E+000, 1.2699247E-003, 0.0000000E+000, 0.0000000E+000
 2.0220546E+002, 2.6596182E+001,-1.1641014E+001,-4.8611244E-001,-1.2322262E+001, 6.7527991E-004, 0.0000000E+000, 0.0000000E+000, 1.5783497E+000, 2.1474683E+000, 0.0000000E+000, 1.2699247E-003, 0.0000000E+000, 0.0000000E+000
 2.0280284E+002, 2.6614966E+001,-1.1643371E+001,-5.0148723E-001,-1.2406181E+001, 6.7132164E-004, 0.0000000E+000, 0.0000000E+000, 1.9858605E+000, 2.0645983E+000, 0.0000000E+000, 1.2699247E-003, 0.0000000E+000, 0.0000000E+000
 2.0340508E+002, 2.6525138E+001,-1.1640721E+001,-5.2412276E-001,-1.2359080E+001, 6.6559929E-004, 0.0000000E+000, 0.0000000E+000, 1.4930316E+000, 2.0018802E+000, 0.0000000E+000, 1.2699247E-003, 0.0000000E+000, 0.0000000E+000
 2.0400275E+002, 2.6824940E+001,-1.1687399E+001,-5.3830688E-001,-1.2494609E+001, 6.6666802E-004, 0.0000000E+000, 0.0000000E+000, 1.6313633E+000, 2.1052910E+000, 0.0000000E+000, 1.2699247E-003, 0.0000000E+000, 0.0000000E+000
 2.0460350E+002, 2.6619676E+001,-1.1682564E+001,-5.3028876E-001,-1.2560596E+001, 6.6604910E-004, 0.0000000E+000, 0.0000000E+000, 1.5351404E+000, 1.8468938E+000, 0.0000000E+000, 1.2699247E-003, 0.0000000E+000, 0.0000000E+000
 2.0520224E+002, 2.6675089E+001,-1.1685132E+001,-5.1940618E-001,-1.2538346E+001, 6.7433809E-004, 0.0000000E+000, 0.0000000E+000, 1.5447718E+000, 1.9328786E+000, 0.0000000E+000, 1.2699247E-003, 0.0000000E+000, 0.0000000E+000
 2.0580334E+002, 2.6464015E+001,-1.1690569E+001,-5.1523825E-001,-1.2495839E+001, 6.6578504E-004, 0.0000000E+000, 0.0000000E+000, 1.5946970E+000, 1.7630353E+000, 0.0000000E+000, 1.2699247E-003, 0.0000000E+000, 0.0000000E+000
 2.0640401E+002, 2.6737805E+001,-1.1698885E+001,-5.1191173E-001,-1.2383476E+001, 6.6373880E-004, 0.0000000E+000, 0.0000000E+000, 1.8696842E+000, 2.1441957E+000, 0.0000000E+000, 1.2699247E-003, 0.0000000E+000, 0.0000000E+000
 2.0700371E+002, 2.6775010E+001,-1.1687810E+001,-5.0714390E-001,-1.2304759E+001, 6.7570570E-004, 0.0000000E+000, 0.0000000E+000, 2.2419098E+000, 2.2759726E+000, 0.0000000E+000, 1.2699247E-003, 0.0000000E+000, 0.0000000E+000
 2.0760239E+002, 2.6450136E+001,-1.1683142E+001,-4.9645428E-001,-1.2261915E+001, 6.6944575E-004, 0.0000000E+000, 0.0000000E+000, 1.7200768E+000, 2.0092943E+000, 0.0000000E+000, 1.2699247E-003, 0.0000000E+000, 0.0000000E+000
 2.0820512E+002, 2.6656684E+001,-1.1708941E+001,-4.9645787E-001,-1.2216851E+001, 6.5654485E-004, 0.0000000E+000, 0.0000000E+000, 2.1596894E+000, 2.2350905E+000, 0.0000000E+000, 1.2699247E-003, 0.0000000E+000, 0.0000000E+000
 2.0880121E+002, 2.6624423E+001,-1.1684459E+001,-4.8689792E-001,-1.2162921E+001, 6.7359094E-004, 0.0000000E+000, 0.0000000E+000, 2.0532889E+000, 2.2908190E+000, 0.0000000E+000, 1.2699247E-003, 0.0000000E+000, 0.0000000E+000
 2.0940074E+002, 2.6709815E+001,-1.1720450E+001,-4.9168974E-001,-1.2227560E+001, 6.6007880E-004, 0.0000000E+000, 0.0000000E+000, 1.9090784E+000, 2.2707756E+000, 0.0000000E+000, 1.2699247E-003, 0.0000000E+000, 0.0000000E+000
 2.1000063E+002, 2.6723551E+001,-1.1758246E+001,-5.0362698E-001,-1.2289742E+001, 6.7385671E-004, 0.0000000E+000, 0.0000000E+000, 1.9752182E+000, 2.1726099E+000, 0.0000000E+000, 1.2699247E-003, 0.0000000E+000, 0.0000000E+000
 2.1060199E+002, 2.6537517E+001,-1.1719533E+001,-5.0729206E-001,-1.2333451E+001, 6.7076774E-004, 0.0000000E+000, 0.0000000E+000, 1.6724496E+000, 1.9779128E+000, 0.0000000E+000, 1.2699247E-003, 0.0000000E+000, 0.0000000E+000
 2.1120581E+002, 2.6809852E+001,-1.1785363E+001,-5.1553477E-001,-1.2395103E+001, 6.6499437E-004, 0.0000000E+000, 0.0000000E+000, 1.6045781E+000, 2.1145164E+000, 0.0000000E+000, 1.2699247E-003, 0.0000000E+000, 0.0000000E+000
 2.1180121E+002, 2.6502867E+001,-1.1758511E+001,-5.1410562E-001,-1.2509251E+001, 6.6785557E-004, 0.0000000E+000, 0.0000000E+000, 1.2066030E+000, 1.7216675E+000, 0.0000000E+000, 1.2699247E-003, 0.0000000E+000, 0.0000000E+000
 2.1240251E+002, 2.6495920E+001,-1.1776640E+001,-5.1760799E-001,-1.2419094E+001, 6.7306159E-004, 0.0000000E+000, 0.0000000E+000, 1.5691016E+000, 1.7832516E+000, 0.0000000E+000, 1.2699247E-003, 0.0000000E+000, 0.0000000E+000
 2.1300458E+002, 2.6728125E+001,-1.1814258E+001,-5.1203530E-001,-1.2431033E+001, 6.5778484E-004, 0.0000000E+000, 0.0000000E+000, 1.8868907E+000, 1.9714569E+000, 0.0000000E+000, 1.2699247E-003, 0.0000000E+000, 0.0000000E+000
 2.1360263E+002, 2.6673084E+001,-1.1797903E+001,-4.9109734E-001,-1.2328477E+001, 6.6612848E-004, 0.0000000E+000, 0.0000000E+000, 1.6910505E+000, 2.0562727E+000, 0.0000000E+000, 1.2699247E-003, 0.0000000E+000, 0.0000000E+000
 2.1420569E+002, 2.6536898E+001,-1.1757372E+001,-4.8811416E-001,-1.2287691E+001, 6.6679248E-004, 0.0000000E+000, 0.0000000E+000, 1.7452698E+000, 2.0043874E+000, 0.0000000E+000, 1.2699247E-003, 0.0000000E+000, 0.0000000E+000
 2.1480101E+002, 2.6649953E+001,-1.1797322E+001,-4.9315623E-001,-1.2125066E+001, 6.6647974E-004, 0.0000000E+000, 0.0000000E+000, 1.8344068E+000, 2.2350757E+000, 0.0000000E+000, 1.2699247E-003, 0.0000000E+000, 0.0000000E+000
 2.1540279E+002, 2.6722645E+001,-1.1817487E+001,-5.1874891E-001,-1.2130760E+001, 6.7423466E-004, 0.0000000E+000, 0.0000000E+000, 1.8226217E+000, 2.2563235E+000, 0.0000000E+000, 1.2699247E-003, 0.0000000E+000, 0.0000000E+000
 2.1600305E+002, 2.6735114E+001,-1.1826109E+001,-5.3156811E-001,-1.2275507E+001, 6.7735850E-004, 0.0000000E+000, 0.0000000E+000, 1.9734152E+000, 2.1026073E+000, 0.0000000E+000, 1.2699247E-003, 0.0000000E+000, 0.0000000E+000
 2.1660486E+002, 2.6572293E+001,-1.1795968E+001,-5.2856551E-001,-1.2174004E+001, 6.6514955E-004, 0.0000000E+000, 0.0000000E+000, 1.6435677E+000, 2.0744209E+000, 0.0000000E+000, 1.2699247E-003, 0.0000000E+000, 0.0000000E+000
 2.1720233E+002, 2.6531829E+001,-1.1786233E+001,-5.3638214E-001,-1.2092903E+001, 6.6372409E-004, 0.0000000E+000, 0.0000000E+000, 2.1174710E+000, 2.1169741E+000, 0.0000000E+000, 1.2699247E-003, 0.0000000E+000, 0.0000000E+000
 2.1780045E+002, 2.6781001E+001,-1.1837877E+001,-5.3689327E-001,-1.2123655E+001, 6.7149069E-004, 0.0000000E+000, 0.0000000E+000, 2.2297495E+000, 2.2832480E+000, 0.0000000E+000, 1.2699247E-003, 0.0000000E+000, 0.0000000E+000
 2.1840430E+002, 2.6598627E+001,-1.1838859E+001,-5.3698699E-001,-1.2201564E+001, 6.7593217E-004, 0.0000000E+000, 0.0000000E+000, 1.8236136E+000, 2.0218926E+000, 0.0000000E+000, 1.2699247E-003, 0.0000000E+000, 0.0000000E+000
 2.1900304E+002, 2.6708404E+001,-1.1849260E+001,-5.5244212E-001,-1.2133426E+001, 6.6698921E-004, 0.0000000E+000, 0.0000000E+000, 1.9747988E+000, 2.1739425E+000, 0.0000000E+000, 1.2699247E-003, 0.0000000E+000, 0.0000000E+000
 2.1960086E+002, 2.6479696E+001,-1.1817748E+001,-5.5970952E-001,-1.2128607E+001, 6.6380049E-004, 0.0000000E+000, 0.0000000E+000, 1.3752088E+000, 1.9742958E+000, 0.0000000E+000, 1.2699247E-003, 0.0000000E+000, 0.0000000E+000
 2.2020010E+002, 2.6632944E+001,-1.1878328E+001,-5.6928834E-001,-1.2169916E+001, 6.6465462E-004, 0.0000000E+000, 0.0000000E+000, 1.9195012E+000, 2.0160757E+000, 0.0000000E+000, 1.2699247E-003, 0.0000000E+000, 0.0000000E+000
 2.2080151E+002, 2.6745811E+001,-1.1886106E+001,-5.7762359E-001,-1.2066491E+001, 6.7275778E-004, 0.0000000E+000, 0.0000000E+000, 1.8883711E+000, 2.2162640E+000, 0.0000000E+000, 1.2699247E-003, 0.0000000E+000, 0.0000000E+000
 2.2140007E+002, 2.6672825E+001,-1.1867211E+001,-5.7719230E-001,-1.1976823E+001, 6.7902807E-004, 0.0000000E+000, 0.0000000E+000, 1.7623540E+000, 2.2522767E+000, 0.0000000E+000, 1.2699247E-003, 0.0000000E+000, 0.0000000E+000
 2.2200064E+002, 2.6521334E+001,-1.1844867E+001,-5.7464369E-001,-1.2019429E+001, 6.7109800E-004, 0.0000000E+000, 0.0000000E+000, 1.8712583E+000, 2.0830652E+000, 0.0000000E+000, 1.2699247E-003, 0.0000000E+000, 0.0000000E+000
 2.2260179E+002, 2.6819383E+001,-1.1910866E+001,-5.5765114E-001,-1.2068324E+001, 6.7097288E-004, 0.0000000E+000, 0.0000000E+000, 1.8281358E+000, 2.2832116E+000, 0.0000000E+000, 1.2699247E-003, 0.0000000E+000, 0.0000000E+000
 2.2320625E+002, 2.6535852E+001,-1.1887454E+001,-5.6532652E-001,-1.2076098E+001, 6.6653730E-004, 0.0000000E+000, 0.0000000E+000, 1.7342090E+000, 2.0076395E+000, 0.0000000E+000, 1.2699247E-003, 0.0000000E+000, 0.0000000E+000
 2.2380583E+002, 2.6905120E+001,-1.1950997E+001,-5.8387885E-001,-1.2155341E+001, 6.7092944E-004, 0.0000000E+000, 0.0000000E+000, 2.0292371E+000, 2.2155736E+000, 0.0000000E+000, 1.2699247E-003, 0.0000000E+000, 0.0000000E+000
 2.2440436E+002, 2.6702939E+001,-1.1946794E+001,-5.9852176E-001,-1.2238225E+001, 6.8092993E-004, 0.0000000E+000, 0.0000000E+000, 1.4818726E+000, 1.9200791E+000, 0.0000000E+000, 1.2699247E-003, 0.0000000E+000, 0.0000000E+000
 2.2500227E+002, 2.6463976E+001,-1.1955595E+001,-5.9885217E-001,-1.2247321E+001, 6.7775800E-004, 0.0000000E+000, 0.0000000E+000, 1.1496603E+000, 1.6628859E+000, 0.0000000E+000, 1.2699247E-003, 0.0000000E+000, 0.0000000E+000
 2.2560104E+002, 2.6558097E+001,-1.1940712E+001,-5.9611462E-001,-1.2326557E+001, 6.7559887E-004, 0.0000000E+000, 0.0000000E+000, 1.3508767E+000, 1.6953890E+000, 0.0000000E+000, 1.2699247E-003, 0.0000000E+000, 0.0000000E+000
 2.2620441E+002, 2.6518478E+001,-1.1956775E+001,-5.9449602E-001,-1.2264419E+001, 6.6107919E-004, 0.0000000E+000, 0.0000000E+000, 1.3709853E+000, 1.7034491E+000, 0.0000000E+000, 1.2699247E-003, 0.0000000E+000, 0.0000000E+000
 2.2680211E+002, 2.6550159E+001,-1.1937471E+001,-5.9883321E-001,-1.2256209E+001, 6.5616551E-004, 0.0000000E+000, 0.0000000E+000, 1.4472878E+000, 1.7583013E+000, 0.0000000E+000, 1.2699247E-003, 0.0000000E+000, 0.0000000E+000
 2.2740294E+002, 2.6669019E+001,-1.1986239E+001,-6.0257711E-001,-1.2343108E+001, 6.5926970E-004, 0.0000000E+000, 0.0000000E+000, 1.5185787E+000, 1.7377546E+000, 0.0000000E+000, 1.2699247E-003, 0.0000000E+000, 0.0000000E+000
 2.2800395E+002, 2.6642479E+001,-1.1961369E+001,-6.2193820E-001,-1.2253657E+001, 6.6260907E-004, 0.0000000E+000, 0.0000000E+000, 1.5860007E+000, 1.8061772E+000, 0.0000000E+000, 1.2699247E-003, 0.0000000E+000, 0.0000000E+000
 2.2860373E+002, 2.6743260E+001,-1.2009367E+001,-6.3403878E-001,-1.2339650E+001, 6.6930021E-004, 0.0000000E+000, 0.0000000E+000, 1.2349599E+000, 1.7608730E+000, 0.0000000E+000, 1.2699247E-003, 0.0000000E+000, 0.0000000E+000
 2.2920168E+002, 2.6599813E+001,-1.2014828E+001,-6.3435634E-001,-1.2414832E+001, 6.6270845E-004, 0.0000000E+000, 0.0000000E+000, 1.2626309E+000, 1.5364585E+000, 0.0000000E+000, 1.2699247E-003, 0.0000000E+000, 0.0000000E+000
 2.2980194E+002, 2.6616122E+001,-1.2023655E+001,-6.3062265E-001,-1.2418595E+001, 6.6974069E-004, 0.0000000E+000, 0.0000000E+000, 1.3113738E+000, 1.5439181E+000, 0.0000000E+000, 1.2699247E-003, 0.0000000E+000, 0.0000000E+000
 2.3040692E+002, 2.6596093E+001,-1.2024230E+001,-6.0393776E-001,-1.2400228E+001, 6.5374583E-004, 0.0000000E+000, 0.0000000E+000, 1.0115169E+000, 1.5683504E+000, 0.0000000E+000, 1.2699247E-003, 0.0000000E+000, 0.0000000E+000
 2.3100517E+002, 2.6596729E+001,-1.2011388E+001,-5.9117058E-001,-1.2359456E+001, 6.6759557E-004, 0.0000000E+000, 0.0000000E+000, 1.3577612E+000, 1.6353817E+000, 0.0000000E+000, 1.2699247E-003, 0.0000000E+000, 0.0000000E+000
 2.3160281E+002, 2.6797669E+001,-1.2044317E+001,-5.7551514E-001,-1.2383565E+001, 6.7280166E-004, 0.0000000E+000, 0.0000000E+000, 1.4845837E+000, 1.7949441E+000, 0.0000000E+000, 1.2699247E-003, 0.0000000E+000, 0.0000000E+000
 2.3220221E+002, 2.6793611E+001,-1.2071172E+001,-5.6624940E-001,-1.2393276E+001, 6.7048165E-004, 0.0000000E+000, 0.0000000E+000, 1.2766792E+000, 1.7635840E+000, 0.0000000E+000, 1.2699247E-003, 0.0000000E+000, 0.0000000E+000
 2.3280261E+002, 2.6521688E+001,-1.2002823E+001,-5.5661286E-001,-1.2443425E+001, 6.7615545E-004, 0.0000000E+000, 0.0000000E+000, 1.1803798E+000, 1.5195024E+000, 0.0000000E+000, 1.2699247E-003, 0.0000000E+000, 0.0000000E+000
 2.3340048E+002, 2.6602535E+001,-1.2066996E+001,-5.7291320E-001,-1.2509908E+001, 6.6330610E-004, 0.0000000E+000, 0.0000000E+000, 8.1930636E-001, 1.4533810E+000, 0.0000000E+000, 1.2699247E-003, 0.0000000E+000, 0.0000000E+000
 2.3400240E+002, 2.6801788E+001,-1.2068617E+001,-5.9920072E-001,-1.2515259E+001, 6.6257669E-004, 0.0000000E+000, 0.0000000E+000, 1.3610874E+000, 1.6193736E+000, 0.0000000E+000, 1.2699247E-003, 0.0000000E+000, 0.0000000E+000
 2.3460315E+002, 2.6496088E+001,-1.2037352E+001,-6.1573477E-001,-1.2373347E+001, 6.6020822E-004, 0.0000000E+000, 0.0000000E+000, 9.4539621E-001, 1.4703141E+000, 0.0000000E+000, 1.2699247E-003, 0.0000000E+000, 0.0000000E+000
 2.3520261E+002, 2.6577647E+001,-1.2049078E+001,-6.4027910E-001,-1.2342233E+001, 6.6315574E-004, 0.0000000E+000, 0.0000000E+000, 1.2285246E+000, 1.5467204E+000, 0.0000000E+000, 1.2699247E-003, 0.0000000E+000, 0.0000000E+000
 2.3580016E+002, 2.6889146E+001,-1.2083365E+001,-6.4195947E-001,-1.2396532E+001, 6.7413820E-004, 0.0000000E+000, 0.0000000E+000, 1.2491409E+000, 1.7679641E+000, 0.0000000E+000, 1.2699247E-003, 0.0000000E+000, 0.0000000E+000
 2.3640334E+002, 2.6500658E+001,-1.2046958E+001,-6.2900180E-001,-1.2360389E+001, 6.7695192E-004, 0.0000000E+000, 0.0000000E+000, 1.3446801E+000, 1.4649866E+000, 0.0000000E+000, 1.2699247E-003, 0.0000000E+000, 0.0000000E+000
 2.3700015E+002, 2.6655864E+001,-1.2098764E+001,-5.9944096E-001,-1.2332771E+001, 6.6196394E-004, 0.0000000E+000, 0.0000000E+000, 1.2746306E+000, 1.6255505E+000, 0.0000000E+000, 1.2699247E-003, 0.0000000E+000, 0.0000000E+000
 2.3760394E+002, 2.6388661E+001,-1.2077565E+001,-5.8353183E-001,-1.2340242E+001, 6.6103156E-004, 0.0000000E+000, 0.0000000E+000, 1.0915416E+000, 1.3879832E+000, 0.0000000E+000, 1.2699247E-003, 0.0000000E+000, 0.0000000E+000
 2.3820152E+002, 2.6781543E+001,-1.2142660E+001,-5.8201500E-001,-1.2377664E+001, 6.6040801E-004, 0.0000000E+000, 0.0000000E+000, 1.1691230E+000, 1.6798644E+000, 0.0000000E+000, 1.2699247E-003, 0.0000000E+000, 0.0000000E+000
 2.3880307E+002, 2.6679490E+001,-1.2111297E+001,-5.8652366E-001,-1.2448438E+001, 6.7189815E-004, 0.0000000E+000, 0.0000000E+000, 1.2596700E+000, 1.5339032E+000, 0.0000000E+000, 1.2699247E-003, 0.0000000E+000, 0.0000000E+000
 2.3940607E+002, 2.6729416E+001,-1.2123834E+001,-6.0112671E-001,-1.2514406E+001, 6.6198595E-004, 0.0000000E+000, 0.0000000E+000, 1.0175447E+000, 1.4907105E+000, 0.0000000E+000, 1.2699247E-003, 0.0000000E+000, 0.0000000E+000
 2.4000073E+002, 2.6425319E+001,-1.2092836E+001,-6.0733078E-001,-1.2388959E+001, 6.6616210E-004, 0.0000000E+000, 0.0000000E+000, 1.0669649E+000, 1.3368591E+000, 0.0000000E+000, 1.2699247E-003, 0.0000000E+000, 0.0000000E+000
 2.4060350E+002, 2.6673620E+001,-1.2134263E+001,-6.0786512E-001,-1.2286584E+001, 6.6403059E-004, 0.0000000E+000, 0.0000000E+000, 1.4061524E+000, 1.6455720E+000, 0.0000000E+000, 1.2699247E-003, 0.0000000E+000, 0.0000000E+000
 2.4120532E+002, 2.6760150E+001,-1.2143928E+001,-6.1595863E-001,-1.2271422E+001, 6.7032892E-004, 0.0000000E+000, 0.0000000E+000, 1.1523863E+000, 1.7295110E+000, 0.0000000E+000, 1.2699247E-003, 0.0000000E+000, 0.0000000E+000
 2.4180365E+002, 2.6744472E+001,-1.2149875E+001,-6.2767231E-001,-1.2317014E+001, 6.6787245E-004, 0.0000000E+000, 0.0000000E+000, 1.3782157E+000, 1.6505788E+000, 0.0000000E+000, 1.2699247E-003, 0.0000000E+000, 0.0000000E+000
 2.4240324E+002, 2.6247544E+001,-1.2090263E+001,-6.2167726E-001,-1.2348234E+001, 6.5851971E-004, 0.0000000E+000, 0.0000000E+000, 1.2262273E+000, 1.1880280E+000, 0.0000000E+000, 1.2699247E-003, 0.0000000E+000, 0.0000000E+000
 2.4300290E+002, 2.6878871E+001,-1.2170364E+001,-6.1493800E-001,-1.2289061E+001, 6.7065781E-004, 0.0000000E+000, 0.0000000E+000, 1.5132140E+000, 1.8051784E+000, 0.0000000E+000, 1.2699247E-003, 0.0000000E+000, 0.0000000E+000
 2.4360031E+002, 2.6675900E+001,-1.2153664E+001,-5.9817687E-001,-1.2238117E+001, 6.6545243E-004, 0.0000000E+000, 0.0000000E+000, 1.2463176E+000, 1.6866066E+000, 0.0000000E+000, 1.2699247E-003, 0.0000000E+000, 0.0000000E+000
 2.4420380E+002, 2.6509781E+001,-1.2118215E+001,-5.9653796E-001,-1.2348030E+001, 6.5994333E-004, 0.0000000E+000, 0.0000000E+000, 1.1322514E+000, 1.4476574E+000, 0.0000000E+000, 1.2699247E-003, 0.0000000E+000, 0.0000000E+000
 2.4480464E+002, 2.6786036E+001,-1.2199577E+001,-6.1163921E-001,-1.2372707E+001, 6.6287756E-004, 0.0000000E+000, 0.0000000E+000, 1.2216030E+000, 1.6027764E+000, 0.0000000E+000, 1.2699247E-003, 0.0000000E+000, 0.0000000E+000
 2.4540025E+002, 2.6624274E+001,-1.2175109E+001,-6.4262224E-001,-1.2301145E+001, 6.5609773E-004, 0.0000000E+000, 0.0000000E+000, 1.0112483E+000, 1.5060540E+000, 0.0000000E+000, 1.2699247E-003, 0.0000000E+000, 0.0000000E+000
 2.4600354E+002, 2.6561771E+001,-1.2155663E+001,-6.6455592E-001,-1.2288047E+001, 6.6534675E-004, 0.0000000E+000, 0.0000000E+000, 1.2397440E+000, 1.4541707E+000, 0.0000000E+000, 1.2699247E-003, 0.0000000E+000, 0.0000000E+000
 2.4660397E+002, 2.6755110E+001,-1.2185417E+001,-6.7166695E-001,-1.2210802E+001, 6.7528477E-004, 0.0000000E+000, 0.0000000E+000, 1.1826163E+000, 1.6878981E+000, 0.0000000E+000, 1.2699247E-003, 0.0000000E+000, 0.0000000E+000
 2.4720543E+002, 2.6535146E+001,-1.2183044E+001,-6.6233333E-001,-1.2277892E+001, 6.6363339E-004, 0.0000000E+000, 0.0000000E+000, 1.3398461E+000, 1.4125398E+000, 0.0000000E+000, 1.2699247E-003, 0.0000000E+000, 0.0000000E+000
 2.4780170E+002, 2.6798300E+001,-1.2222899E+001,-6.4678915E-001,-1.2251316E+001, 6.6627093E-004, 0.0000000E+000, 0.0000000E+000, 1.4237051E+000, 1.6779613E+000, 0.0000000E+000, 1.2699247E-003, 0.0000000E+000, 0.0000000E+000
 2.4840340E+002, 2.6475233E+001,-1.2155950E+001,-6.2877802E-001,-1.2207035E+001, 6.6649238E-004, 0.0000000E+000, 0.0000000E+000, 9.7531603E-001, 1.4841367E+000, 0.0000000E+000, 1.2699247E-003, 0.0000000E+000, 0.0000000E+000
 2.4900558E+002, 2.6724055E+001,-1.2222863E+001,-6.2682424E-001,-1.2285211E+001, 6.6497573E-004, 0.0000000E+000, 0.0000000E+000, 1.2196579E+000, 1.5898213E+000, 0.0000000E+000, 1.2699247E-003, 0.0000000E+000, 0.0000000E+000
 2.4960107E+002, 2.6494161E+001,-1.2155536E+001,-6.2583718E-001,-1.2255476E+001, 6.5605850E-004, 0.0000000E+000, 0.0000000E+000, 9.0985863E-001, 1.4579679E+000, 0.0000000E+000, 1.2699247E-003, 0.0000000E+000, 0.0000000E+000
 2.5020439E+002, 2.6494598E+001,-1.2183463E+001,-6.4534061E-001,-1.2306982E+001, 6.5122025E-004, 0.0000000E+000, 0.0000000E+000, 9.7259738E-001, 1.3594641E+000, 0.0000000E+000, 1.2699247E-003, 0.0000000E+000, 0.0000000E+000
 2.5080072E+002, 2.6915105E+001,-1.2253629E+001,-6.5229820E-001,-1.2273515E+001, 6.6676531E-004, 0.0000000E+000, 0.0000000E+000, 1.5549099E+000, 1.7363298E+000, 0.0000000E+000, 1.2699247E-003, 0.0000000E+000, 0.0000000E+000
 2.5140388E+002, 2.6768196E+001,-1.2209642E+001,-6.5864361E-001,-1.2147344E+001, 6.6056460E-004, 0.0000000E+000, 0.0000000E+000, 1.4470804E+000, 1.7532266E+000, 0.0000000E+000, 1.2699247E-003, 0.0000000E+000, 0.0000000E+000
 2.5200421E+002, 2.6511142E+001,-1.2188948E+001,-6.5725916E-001,-1.2133462E+001, 6.5218088E-004, 0.0000000E+000, 0.0000000E+000, 1.2787592E+000, 1.5321252E+000, 0.0000000E+000, 1.2699247E-003, 0.0000000E+000, 0.0000000E+000
 2.5260573E+002, 2.6668740E+001,-1.2236439E+001,-6.5072646E-001,-1.2150704E+001, 6.6837816E-004, 0.0000000E+000, 0.0000000E+000, 1.0870033E+000, 1.6315399E+000, 0.0000000E+000, 1.2699247E-003, 0.0000000E+000, 0.0000000E+000
 2.5320285E+002, 2.6667586E+001,-1.2242362E+001,-6.4797336E-001,-1.2161383E+001, 6.6925462E-004, 0.0000000E+000, 0.0000000E+000, 1.1766487E+000, 1.6165371E+000, 0.0000000E+000, 1.2699247E-003, 0.0000000E+000, 0.0000000E+000
 2.5380557E+002, 2.6659840E+001,-1.2255612E+001,-6.6035725E-001,-1.2253854E+001, 6.7017601E-004, 0.0000000E+000, 0.0000000E+000, 1.1153345E+000, 1.4906872E+000, 0.0000000E+000, 1.2699247E-003, 0.0000000E+000, 0.0000000E+000
 2.5440016E+002, 2.6516174E+001,-1.2244266E+001,-6.7170008E-001,-1.2265360E+001, 6.6598951E-004, 0.0000000E+000, 0.0000000E+000, 8.8064850E-001, 1.3355153E+000, 0.0000000E+000, 1.2699247E-003, 0.0000000E+000, 0.0000000E+000
 2.5500229E+002, 2.6734016E+001,-1.2247462E+001,-6.7653313E-001,-1.2188824E+001, 6.6552132E-004, 0.0000000E+000, 0.0000000E+000, 1.3539054E+000, 1.6218617E+000, 0.0000000E+000, 1.2699247E-003, 0.0000000E+000, 0.0000000E+000
 2.5560388E+002, 2.6541499E+001,-1.2248197E+001,-6.6771910E-001,-1.2176932E+001, 6.6610646E-004, 0.0000000E+000, 0.0000000E+000, 1.1739384E+000, 1.4493169E+000, 0.0000000E+000, 1.2699247E-003, 0.0000000E+000, 0.0000000E+000
 2.5620535E+002, 2.6670170E+001,-1.2266279E+001,-6.6628944E-001,-1.2190551E+001, 6.6709821E-004, 0.0000000E+000, 0.0000000E+000, 1.0522875E+000, 1.5477175E+000, 0.0000000E+000, 1.2699247E-003, 0.0000000E+000, 0.0000000E+000
 2.5680002E+002, 2.6740118E+001,-1.2287660E+001,-6.8912310E-001,-1.2192063E+001, 6.7299195E-004, 0.0000000E+000, 0.0000000E+000, 1.3156436E+000, 1.5719451E+000, 0.0000000E+000, 1.2699247E-003, 0.0000000E+000, 0.0000000E+000
 2.5740027E+002, 2.6808848E+001,-1.2323084E+001,-6.8096122E-001,-1.2165128E+001, 6.6510580E-004, 0.0000000E+000, 0.0000000E+000, 1.4093042E+000, 1.6403399E+000, 0.0000000E+000, 1.2699247E-003, 0.0000000E+000, 0.0000000E+000
 2.5800150E+002, 2.6481190E+001,-1.2290302E+001,-6.6034656E-001,-1.2185207E+001, 6.6782170E-004, 0.0000000E+000, 0.0000000E+000, 1.1674824E+000, 1.3460018E+000, 0.0000000E+000, 1.2699247E-003, 0.0000000E+000, 0.0000000E+000
 2.5860178E+002, 2.6538923E+001,-1.2243778E+001,-6.3853880E-001,-1.2267818E+001, 6.7191048E-004, 0.0000000E+000, 0.0000000E+000, 1.2239865E+000, 1.3894601E+000, 0.0000000E+000, 1.2699247E-003, 0.0000000E+000, 0.0000000E+000
 2.5920380E+002, 2.6702597E+001,-1.2322677E+001,-6.4102463E-001,-1.2144944E+001, 6.6930989E-004, 0.0000000E+000, 0.0000000E+000, 1.3929239E+000, 1.5946203E+000, 0.0000000E+000, 1.2699247E-003, 0.0000000E+000, 0.0000000E+000
 2.5980365E+002, 2.6534461E+001,-1.2272603E+001,-6.5525152E-001,-1.2154612E+001, 6.6751670E-004, 0.0000000E+000, 0.0000000E+000, 1.0742853E+000, 1.4526623E+000, 0.0000000E+000, 1.2699247E-003, 0.0000000E+000, 0.0000000E+000
 2.6040366E+002, 2.6672670E+001,-1.2306670E+001,-6.6492801E-001,-1.2189366E+001, 6.6491536E-004, 0.0000000E+000, 0.0000000E+000, 1.3512845E+000, 1.5123706E+000, 0.0000000E+000, 1.2699247E-003, 0.0000000E+000, 0.0000000E+000
 2.6100629E+002, 2.6576601E+001,-1.2300938E+001,-6.5536302E-001,-1.2183258E+001, 6.5907386E-004, 0.0000000E+000, 0.0000000E+000, 1.0994368E+000, 1.4377022E+000, 0.0000000E+000, 1.2699247E-003, 0.0000000E+000, 0.0000000E+000
 2.6160245E+002, 2.6801710E+001,-1.2309382E+001,-6.5639743E-001,-1.2100167E+001, 6.5880703E-004, 0.0000000E+000, 0.0000000E+000, 1.2791674E+000, 1.7364222E+000, 0.0000000E+000, 1.2699247E-003, 0.0000000E+000, 0.0000000E+000
 2.6220496E+002, 2.6572252E+001,-1.2317491E+001,-6.6226035E-001,-1.2098736E+001, 6.6276113E-004, 0.0000000E+000, 0.0000000E+000, 1.1573942E+000, 1.4944278E+000, 0.0000000E+000, 1.2699247E-003, 0.0000000E+000, 0.0000000E+000
 2.6280511E+002, 2.6685867E+001,-1.2338455E+001,-6.8514321E-001,-1.2026570E+001, 6.7341159E-004, 0.0000000E+000, 0.0000000E+000, 1.2238189E+000, 1.6363730E+000, 0.0000000E+000, 1.2699247E-003, 0.0000000E+000, 0.0000000E+000
 2.6340402E+002, 2.6732876E+001,-1.2309841E+001,-7.1140534E-001,-1.2019119E+001, 6.7308401E-004, 0.0000000E+000, 0.0000000E+000, 1.2832685E+000, 1.6931836E+000, 0.0000000E+000, 1.2699247E-003, 0.0000000E+000, 0.0000000E+000
 2.6400403E+002, 2.6282730E+001,-1.2307678E+001,-7.3205326E-001,-1.1960694E+001, 6.5669303E-004, 0.0000000E+000, 0.0000000E+000, 9.0616180E-001, 1.2829615E+000, 0.0000000E+000, 1.2699247E-003, 0.0000000E+000, 0.0000000E+000
 2.6460022E+002, 2.6601105E+001,-1.2331840E+001,-7.4105021E-001,-1.2045926E+001, 6.6123897E-004, 0.0000000E+000, 0.0000000E+000, 1.1246425E+000, 1.4829498E+000, 0.0000000E+000, 1.2699247E-003, 0.0000000E+000, 0.0000000E+000
 2.6520258E+002, 2.6846042E+001,-1.2374382E+001,-7.3718338E-001,-1.2131028E+001, 6.6383383E-004, 0.0000000E+000, 0.0000000E+000, 1.0481390E+000, 1.6041120E+000, 0.0000000E+000, 1.2699247E-003, 0.0000000E+000, 0.0000000E+000
 2.6580011E+002, 2.6458721E+001,-1.2300155E+001,-7.1770762E-001,-1.2132629E+001, 6.5818736E-004, 0.0000000E+000, 0.0000000E+000, 1.0014969E+000, 1.3088872E+000, 0.0000000E+000, 1.2699247E-003, 0.0000000E+000, 0.0000000E+000
 2.6640652E+002, 2.6755258E+001,-1.2355384E+001,-6.9240330E-001,-1.2139442E+001, 6.6335426E-004, 0.0000000E+000, 0.0000000E+000, 1.0120037E+000, 1.5686913E+000, 0.0000000E+000, 1.2699247E-003, 0.0000000E+000, 0.0000000E+000
 2.6700586E+002, 2.6793546E+001,-1.2359743E+001,-6.7561198E-001,-1.1974565E+001, 6.6621009E-004, 0.0000000E+000, 0.0000000E+000, 1.6302717E+000, 1.7842929E+000, 0.0000000E+000, 1.2699247E-003, 0.0000000E+000, 0.0000000E+000
 2.6760156E+002, 2.6810976E+001,-1.2371772E+001,-6.7361435E-001,-1.1893887E+001, 6.7125590E-004, 0.0000000E+000, 0.0000000E+000, 1.5179699E+000, 1.8723743E+000, 0.0000000E+000, 1.2699247E-003, 0.0000000E+000, 0.0000000E+000
 2.6820111E+002, 2.6415977E+001,-1.2301210E+001,-6.6937526E-001,-1.1908410E+001, 6.6694247E-004, 0.0000000E+000, 0.0000000E+000, 1.4806664E+000, 1.5376487E+000, 0.0000000E+000, 1.2699247E-003, 0.0000000E+000, 0.0000000E+000
 2.6880368E+002, 2.6609081E+001,-1.2336231E+001,-6.6874234E-001,-1.1890190E+001, 6.6035985E-004, 0.0000000E+000, 0.0000000E+000, 1.2978307E+000, 1.7145772E+000, 0.0000000E+000, 1.2699247E-003, 0.0000000E+000, 0.0000000E+000
 2.6940567E+002, 2.6617620E+001,-1.2369477E+001,-6.8615856E-001,-1.1893996E+001, 6.5601294E-004, 0.0000000E+000, 0.0000000E+000, 1.4336516E+000, 1.6686448E+000, 0.0000000E+000, 1.2699247E-003, 0.0000000E+000, 0.0000000E+000
 2.7000357E+002, 2.6706520E+001,-1.2381295E+001,-7.0012208E-001,-1.2024336E+001, 6.6422055E-004, 0.0000000E+000, 0.0000000E+000, 1.4338810E+000, 1.6014312E+000, 0.0000000E+000, 1.2699247E-003, 0.0000000E+000, 0.0000000E+000
 2.7060526E+002, 2.6535678E+001,-1.2360283E+001,-7.2282679E-001,-1.2027423E+001, 6.6557258E-004, 0.0000000E+000, 0.0000000E+000, 8.8732423E-001, 1.4258105E+000, 0.0000000E+000, 1.2699247E-003, 0.0000000E+000, 0.0000000E+000
 2.7120551E+002, 2.6682166E+001,-1.2397694E+001,-7.5400088E-001,-1.2128075E+001, 6.6747861E-004, 0.0000000E+000, 0.0000000E+000, 9.9222911E-001, 1.4030640E+000, 0.0000000E+000, 1.2699247E-003, 0.0000000E+000, 0.0000000E+000
 2.7180322E+002, 2.6699594E+001,-1.2425880E+001,-7.8475115E-001,-1.2142649E+001, 6.5759664E-004, 0.0000000E+000, 0.0000000E+000, 1.0776890E+000, 1.3469714E+000, 0.0000000E+000, 1.2699247E-003, 0.0000000E+000, 0.0000000E+000
 2.7240155E+002, 2.6600282E+001,-1.2423556E+001,-7.8463359E-001,-1.2195920E+001, 6.6375666E-004, 0.0000000E+000, 0.0000000E+000, 8.1264763E-001, 1.1968371E+000, 0.0000000E+000, 1.2699247E-003, 0.0000000E+000, 0.0000000E+000
 2.7300473E+002, 2.6682458E+001,-1.2422206E+001,-7.8092566E-001,-1.2118043E+001, 6.6199487E-004, 0.0000000E+000, 0.0000000E+000, 1.1290144E+000, 1.3619449E+000, 0.0000000E+000, 1.2699247E-003, 0.0000000E+000, 0.0000000E+000
 2.7360468E+002, 2.6892952E+001,-1.2445765E+001,-7.6710081E-001,-1.2131220E+001, 6.6623323E-004, 0.0000000E+000, 0.0000000E+000, 1.1762619E+000, 1.5495326E+000, 0.0000000E+000, 1.2699247E-003, 0.0000000E+000, 0.0000000E+000
 2.7420514E+002, 2.6219449E+001,-1.2361776E+001,-7.3415923E-001,-1.2025551E+001, 6.5435445E-004, 0.0000000E+000, 0.0000000E+000, 9.7275536E-001, 1.0986179E+000, 0.0000000E+000, 1.2699247E-003, 0.0000000E+000, 0.0000000E+000
 2.7480307E+002, 2.6797563E+001,-1.2432365E+001,-7.1166875E-001,-1.2028359E+001, 6.5982325E-004, 0.0000000E+000, 0.0000000E+000, 8.9864026E-001, 1.6258308E+000, 0.0000000E+000, 1.2699247E-003, 0.0000000E+000, 0.0000000E+000
 2.7540341E+002, 2.6648551E+001,-1.2413292E+001,-7.1191185E-001,-1.1947201E+001, 6.6692813E-004, 0.0000000E+000, 0.0000000E+000, 1.3233147E+000, 1.5768134E+000, 0.0000000E+000, 1.2699247E-003, 0.0000000E+000, 0.0000000E+000
 2.7600238E+002, 2.6740845E+001,-1.2456727E+001,-7.2532868E-001,-1.1987012E+001, 6.6595163E-004, 0.0000000E+000, 0.0000000E+000, 1.2817396E+000, 1.5724434E+000, 0.0000000E+000, 1.2699247E-003, 0.0000000E+000, 0.0000000E+000
 2.7660522E+002, 2.6636840E+001,-1.2426386E+001,-7.4659623E-001,-1.1987241E+001, 6.7520175E-004, 0.0000000E+000, 0.0000000E+000, 1.0470442E+000, 1.4772911E+000, 0.0000000E+000, 1.2699247E-003, 0.0000000E+000, 0.0000000E+000
 2.7720453E+002, 2.6465491E+001,-1.2437293E+001,-7.5454339E-001,-1.1970240E+001, 6.6977785E-004, 0.0000000E+000, 0.0000000E+000, 7.2633955E-001, 1.3040842E+000, 0.0000000E+000, 1.2699247E-003, 0.0000000E+000, 0.0000000E+000
 2.7780106E+002, 2.6760881E+001,-1.2451579E+001,-7.5718926E-001,-1.2106306E+001, 6.6541225E-004, 0.0000000E+000, 0.0000000E+000, 1.2804572E+000, 1.4464716E+000, 0.0000000E+000, 1.2699247E-003, 0.0000000E+000, 0.0000000E+000
 2.7840601E+002, 2.6562749E+001,-1.2486328E+001,-7.3884453E-001,-1.2108356E+001, 6.6672846E-004, 0.0000000E+000, 0.0000000E+000, 7.3727017E-001, 1.2298869E+000, 0.0000000E+000, 1.2699247E-003, 0.0000000E+000, 0.0000000E+000
 2.7900052E+002, 2.6767567E+001,-1.2500429E+001,-7.2616870E-001,-1.2085042E+001, 6.6650356E-004, 0.0000000E+000, 0.0000000E+000, 1.1532792E+000, 1.4565935E+000, 0.0000000E+000, 1.2699247E-003, 0.0000000E+000, 0.0000000E+000
 2.7960574E+002, 2.6472158E+001,-1.2446368E+001,-7.1918605E-001,-1.2077308E+001, 6.5899429E-004, 0.0000000E+000, 0.0000000E+000, 9.8456010E-001, 1.2299541E+000, 0.0000000E+000, 1.2699247E-003, 0.0000000E+000, 0.0000000E+000
 2.8020602E+002, 2.6671111E+001,-1.2495699E+001,-7.2293259E-001,-1.2044259E+001, 6.6247247E-004, 0.0000000E+000, 0.0000000E+000, 1.1374689E+000, 1.4088834E+000, 0.0000000E+000, 1.2699247E-003, 0.0000000E+000, 0.0000000E+000
 2.8080011E+002, 2.6598022E+001,-1.2459140E+001,-7.2901076E-001,-1.2011906E+001, 6.6459415E-004, 0.0000000E+000, 0.0000000E+000, 9.6893050E-001, 1.3986301E+000, 0.0000000E+000, 1.2699247E-003, 0.0000000E+000, 0.0000000E+000
 2.8140198E+002, 2.6624320E+001,-1.2496003E+001,-7.3667406E-001,-1.2049428E+001, 6.5446002E-004, 0.0000000E+000, 0.0000000E+000, 1.0273124E+000, 1.3428704E+000, 0.0000000E+000, 1.2699247E-003, 0.0000000E+000, 0.0000000E+000
 2.8200229E+002, 2.6700653E+001,-1.2488795E+001,-7.5151637E-001,-1.2056321E+001, 6.6600842E-004, 0.0000000E+000, 0.0000000E+000, 9.3507094E-001, 1.4046857E+000, 0.0000000E+000, 1.2699247E-003, 0.0000000E+000, 0.0000000E+000
 2.8260596E+002, 2.6819594E+001,-1.2526460E+001,-7.6946123E-001,-1.2099515E+001, 6.6732310E-004, 0.0000000E+000, 0.0000000E+000, 1.0928532E+000, 1.4248255E+000, 0.0000000E+000, 1.2699247E-003, 0.0000000E+000, 0.0000000E+000
 2.8320139E+002, 2.6513107E+001,-1.2471933E+001,-7.7078632E-001,-1.2026199E+001, 6.6286647E-004, 0.0000000E+000, 0.0000000E+000, 1.0129278E+000, 1.2448522E+000, 0.0000000E+000, 1.2699247E-003, 0.0000000E+000, 0.0000000E+000
 2.8380038E+002, 2.6564555E+001,-1.2515871E+001,-7.7022743E-001,-1.2097785E+001, 6.7180543E-004, 0.0000000E+000, 0.0000000E+000, 6.7290521E-001, 1.1813434E+000, 0.0000000E+000, 1.2699247E-003, 0.0000000E+000, 0.0000000E+000
 2.8440637E+002, 2.6477740E+001,-1.2494630E+001,-7.5812117E-001,-1.2175945E+001, 6.5855727E-004, 0.0000000E+000, 0.0000000E+000, 8.1246729E-001, 1.0497026E+000, 0.0000000E+000, 1.2699247E-003, 0.0000000E+000, 0.0000000E+000
 2.8500391E+002, 2.6866039E+001,-1.2530286E+001,-7.5044407E-001,-1.2105891E+001, 6.6044034E-004, 0.0000000E+000, 0.0000000E+000, 1.0590495E+000, 1.4800778E+000, 0.0000000E+000, 1.2699247E-003, 0.0000000E+000, 0.0000000E+000
 2.8560449E+002, 2.6555141E+001,-1.2497907E+001,-7.4186809E-001,-1.2140507E+001, 6.5951152E-004, 0.0000000E+000, 0.0000000E+000, 8.6270014E-001, 1.1755184E+000, 0.0000000E+000, 1.2699247E-003, 0.0000000E+000, 0.0000000E+000
 2.8620117E+002, 2.6562437E+001,-1.2514009E+001,-7.3446941E-001,-1.2080702E+001, 6.5651536E-004, 0.0000000E+000, 0.0000000E+000, 9.3120477E-001, 1.2339135E+000, 0.0000000E+000, 1.2699247E-003, 0.0000000E+000, 0.0000000E+000
 2.8680460E+002, 2.6684480E+001,-1.2525592E+001,-7.2545971E-001,-1.2051165E+001, 6.6092333E-004, 0.0000000E+000, 0.0000000E+000, 8.9016304E-001, 1.3829244E+000, 0.0000000E+000, 1.2699247E-003, 0.0000000E+000, 0.0000000E+000
 2.8740009E+002, 2.6733800E+001,-1.2553093E+001,-7.3107815E-001,-1.2057451E+001, 6.6692552E-004, 0.0000000E+000, 0.0000000E+000, 1.1076565E+000, 1.3928456E+000, 0.0000000E+000, 1.2699247E-003, 0.0000000E+000, 0.0000000E+000
 2.8800446E+002, 2.6630696E+001,-1.2541979E+001,-7.4934088E-001,-1.2156909E+001, 6.5882224E-004, 0.0000000E+000, 0.0000000E+000, 8.0615973E-001, 1.1831263E+000, 0.0000000E+000, 1.2699247E-003, 0.0000000E+000, 0.0000000E+000
 2.8860355E+002, 2.6662946E+001,-1.2544201E+001,-7.7489252E-001,-1.2076440E+001, 6.6379508E-004, 0.0000000E+000, 0.0000000E+000, 1.2992545E+000, 1.2680766E+000, 0.0000000E+000, 1.2699247E-003, 0.0000000E+000, 0.0000000E+000
 2.8920282E+002, 2.6685814E+001,-1.2551414E+001,-7.8492003E-001,-1.2003277E+001, 6.6566062E-004, 0.0000000E+000, 0.0000000E+000, 1.1530506E+000, 1.3468690E+000, 0.0000000E+000, 1.2699247E-003, 0.0000000E+000, 0.0000000E+000
 2.8980417E+002, 2.6410349E+001,-1.2528572E+001,-7.8456971E-001,-1.1988692E+001, 6.5137578E-004, 0.0000000E+000, 0.0000000E+000, 9.9724514E-001, 1.1091665E+000, 0.0000000E+000, 1.2699247E-003, 0.0000000E+000, 0.0000000E+000
 2.9040198E+002, 2.6701313E+001,-1.2567449E+001,-7.7883659E-001,-1.1916815E+001, 6.6194496E-004, 0.0000000E+000, 0.0000000E+000, 1.1265241E+000, 1.4388742E+000, 0.0000000E+000, 1.2699247E-003, 0.0000000E+000, 0.0000000E+000
 2.9100137E+002, 2.6833876E+001,-1.2589005E+001,-7.6959855E-001,-1.1978915E+001, 6.6483028E-004, 0.0000000E+000, 0.0000000E+000, 1.0905902E+000, 1.4970228E+000, 0.0000000E+000, 1.2699247E-003, 0.0000000E+000, 0.0000000E+000
 2.9160553E+002, 2.6622802E+001,-1.2544188E+001,-7.7536910E-001,-1.1991223E+001, 6.6660596E-004, 0.0000000E+000, 0.0000000E+000, 1.1395612E+000, 1.3126889E+000, 0.0000000E+000, 1.2699247E-003, 0.0000000E+000, 0.0000000E+000
 2.9220377E+002, 2.6704116E+001,-1.2585731E+001,-7.7395604E-001,-1.2058723E+001, 6.6569836E-004, 0.0000000E+000, 0.0000000E+000, 8.9086700E-001, 1.2863712E+000, 0.0000000E+000, 1.2699247E-003, 0.0000000E+000, 0.0000000E+000
 2.9280136E+002, 2.6523514E+001,-1.2554686E+001,-7.7157555E-001,-1.2085535E+001, 6.5943820E-004, 0.0000000E+000, 0.0000000E+000, 5.3831819E-001, 1.1123765E+000, 0.0000000E+000, 1.2699247E-003, 0.0000000E+000, 0.0000000E+000
 2.9340259E+002, 2.6655765E+001,-1.2591064E+001,-7.7090260E-001,-1.2085792E+001, 6.5531115E-004, 0.0000000E+000, 0.0000000E+000, 6.5510103E-001, 1.2086618E+000, 0.0000000E+000, 1.2699247E-003, 0.0000000E+000, 0.0000000E+000
 2.9400101E+002, 2.6626036E+001,-1.2606250E+001,-7.6564001E-001,-1.2048682E+001, 6.6079823E-004, 0.0000000E+000, 0.0000000E+000, 1.0269810E+000, 1.2061257E+000, 0.0000000E+000, 1.2699247E-003, 0.0000000E+000, 0.0000000E+000
 2.9460358E+002, 2.6578950E+001,-1.2577725E+001,-7.7259566E-001,-1.1861876E+001, 6.5607843E-004, 0.0000000E+000, 0.0000000E+000, 1.0215596E+000, 1.3674087E+000, 0.0000000E+000, 1.2699247E-003, 0.0000000E+000, 0.0000000E+000
 2.9520596E+002, 2.6647667E+001,-1.2591110E+001,-7.9578172E-001,-1.1967607E+001, 6.6317904E-004, 0.0000000E+000, 0.0000000E+000, 1.0323089E+000, 1.2938314E+000, 0.0000000E+000, 1.2699247E-003, 0.0000000E+000, 0.0000000E+000
 2.9580035E+002, 2.6901722E+001,-1.2651827E+001,-8.1978761E-001,-1.1968365E+001, 6.6523949E-004, 0.0000000E+000, 0.0000000E+000, 1.1311785E+000, 1.4624081E+000, 0.0000000E+000, 1.2699247E-003, 0.0000000E+000, 0.0000000E+000
 2.9640216E+002, 2.6509903E+001,-1.2600226E+001,-8.1297055E-001,-1.2035964E+001, 6.5785225E-004, 0.0000000E+000, 0.0000000E+000, 7.6652546E-001, 1.0614000E+000, 0.0000000E+000, 1.2699247E-003, 0.0000000E+000, 0.0000000E+000
 2.9700253E+002, 2.6679063E+001,-1.2603893E+001,-7.9693105E-001,-1.1976139E+001, 6.6258620E-004, 0.0000000E+000, 0.0000000E+000, 8.6855902E-001, 1.3027620E+000, 0.0000000E+000, 1.2699247E-003, 0.0000000E+000, 0.0000000E+000
 2.9760095E+002, 2.6780305E+001,-1.2628967E+001,-7.9197921E-001,-1.1951245E+001, 6.6893826E-004, 0.0000000E+000, 0.0000000E+000, 9.8865155E-001, 1.4087820E+000, 0.0000000E+000, 1.2699247E-003, 0.0000000E+000, 0.0000000E+000
 2.9820206E+002, 2.6281854E+001,-1.2593433E+001,-8.0335899E-001,-1.2028294E+001, 6.5362970E-004, 0.0000000E+000, 0.0000000E+000, 3.2678073E-001, 8.5742145E-001, 0.0000000E+000, 1.2699247E-003, 0.0000000E+000, 0.0000000E+000
 2.9880499E+002, 2.6709520E+001,-1.2639743E+001,-8.4846601E-001,-1.2094395E+001, 6.6220152E-004, 0.0000000E+000, 0.0000000E+000, 6.5158636E-001, 1.1275780E+000, 0.0000000E+000, 1.2699247E-003, 0.0000000E+000, 0.0000000E+000
 2.9940176E+002, 2.6579655E+001,-1.2607748E+001,-8.7244407E-001,-1.2128436E+001, 6.6742339E-004, 0.0000000E+000, 0.0000000E+000, 6.2178988E-001, 9.7169472E-001, 0.0000000E+000, 1.2699247E-003, 0.0000000E+000, 0.0000000E+000
 3.0000378E+002, 2.6788002E+001,-1.2645259E+001,-8.7409238E-001,-1.2167109E+001, 6.5868399E-004, 0.0000000E+000, 0.0000000E+000, 9.1507771E-001, 1.1021992E+000, 0.0000000E+000, 1.2699247E-003, 0.0000000E+000, 0.0000000E+000
 3.0060284E+002, 2.6723693E+001,-1.1661897E+001, 1.6415596E+000,-1.1960276E+001, 6.6348414E-004, 0.0000000E+000,-1.5631937E+002,-1.5057475E+002,-1.5157563E+002, 0.0000000E+000, 1.2699247E-003, 0.0000000E+000, 5.4917893E-002
 3.0120221E+002, 2.6644165E+001,-9.9180008E+000, 3.0385352E+000,-1.1247984E+001, 6.5942538E-004, 0.0000000E+000,-2.4836326E+002,-2.3984912E+002,-2.3984588E+002, 0.0000000E+000, 1.2699247E-003, 0.0000000E+000, 9.4153292E-002
 3.0180078E+002, 2.6547530E+001,-8.3105390E+000, 3.3331274E+000,-1.0258161E+001, 6.4885187E-004, 0.0000000E+000,-2.8053273E+002,-2.6951631E+002,-2.6922013E+002, 0.0000000E+000, 1.2699247E-003, 0.0000000E+000, 1.1006213E-001
 3.0240268E+002, 2.6666906E+001,-6.6828157E+000, 2.9688179E+000,-9.0845984E+000, 6.4803769E-004, 0.0000000E+000,-2.6864746E+002,-2.5525918E+002,-2.5477850E+002, 0.0000000E+000, 1.2699247E-003, 0.0000000E+000, 1.0915530E-001
 3.0300266E+002, 2.6597275E+001,-5.4027619E+000, 2.2744001E+000,-7.9429159E+000, 6.4565136E-004, 0.0000000E+000,-2.2611858E+002,-2.1143108E+002,-2.1059194E+002, 0.0000000E+000, 1.2699247E-003, 0.0000000E+000, 9.1461984E-002
 3.0360098E+002, 2.6409323E+001,-4.5014515E+000, 1.7376376E+000,-7.0675761E+000, 6.1901421E-004, 0.0000000E+000,-1.8584787E+002,-1.6980597E+002,-1.6926932E+002, 0.0000000E+000, 1.2699247E-003, 0.0000000E+000, 7.0837498E-002
 3.0420200E+002, 2.6532657E+001,-3.7974298E+000, 1.2554230E+000,-6.4113134E+000, 6.1393443E-004, 0.0000000E+000,-1.5886845E+002,-1.4174072E+002,-1.4128850E+002, 0.0000000E+000, 1.2699247E-003, 0.0000000E+000, 5.8098900E-002
 3.0480151E+002, 2.6021921E+001,-3.2002827E+000, 8.1689169E-001,-5.7625774E+000, 5.8482579E-004, 0.0000000E+000,-1.3400688E+002,-1.1647690E+002,-1.1613034E+002, 0.0000000E+000, 1.2699247E-003, 0.0000000E+000, 4.8117732E-002
 3.0540173E+002, 2.6221173E+001,-2.7617341E+000, 4.5404952E-001,-5.0322666E+000, 5.6981213E-004, 0.0000000E+000,-1.1271174E+002,-9.4336818E+001,-9.3829944E+001, 0.0000000E+000, 1.2699247E-003, 0.0000000E+000, 3.9710416E-002
 3.0600171E+002, 2.7347154E+001,-2.4583617E+000, 3.1032098E-001,-4.3761466E+000, 5.6824462E-004, 0.0000000E+000,-9.8861431E+001,-7.8344864E+001,-7.8037896E+001, 0.0000000E+000, 1.2699247E-003, 0.0000000E+000, 3.4037121E-002
 3.0660083E+002, 2.6569648E+001,-2.0310387E+000, 1.0511661E-001,-3.7621167E+000, 5.8726183E-004, 0.0000000E+000,-8.6067291E+001,-6.5334820E+001,-6.5185095E+001, 0.0000000E+000, 1.2699247E-003, 0.0000000E+000, 2.8987592E-002
 3.0720258E+002, 2.6381225E+001,-1.7783619E+000,-8.5699426E-002,-3.2923734E+000, 5.7596648E-004, 0.0000000E+000,-7.6407219E+001,-5.5641564E+001,-5.5181853E+001, 0.0000000E+000, 1.2699247E-003, 0.0000000E+000, 2.5242483E-002
 3.0780191E+002, 2.6726479E+001,-1.5476251E+000,-1.4459078E-001,-2.9672454E+000, 5.7653176E-004, 0.0000000E+000,-7.0211578E+001,-4.8381771E+001,-4.8143984E+001, 0.0000000E+000, 1.2699247E-003, 0.0000000E+000, 2.2584795E-002
 3.0840201E+002, 2.6878293E+001,-1.3798540E+000,-4.0787775E-001,-2.6415029E+000, 5.7774458E-004, 0.0000000E+000,-6.1864317E+001,-3.9425768E+001,-3.9414681E+001, 0.0000000E+000, 1.2699247E-003, 0.0000000E+000, 1.9412169E-002
 3.0900259E+002, 2.6593466E+001,-1.2442676E+000,-6.2202645E-001,-2.4320251E+000, 5.7024790E-004, 0.0000000E+000,-5.6127464E+001,-3.4063988E+001,-3.3831746E+001, 0.0000000E+000, 1.2699247E-003, 0.0000000E+000, 1.7173699E-002
 3.0960211E+002, 2.6161311E+001,-9.5141785E-001,-6.4013302E-001,-2.1959735E+000, 5.6310834E-004, 0.0000000E+000,-5.1360145E+001,-2.9194939E+001,-2.8985795E+001, 0.0000000E+000, 1.2699247E-003, 0.0000000E+000, 1.5408598E-002
 3.1020050E+002, 2.6466658E+001,-8.5280244E-001,-6.3959352E-001,-1.8964548E+000, 5.4016099E-004, 0.0000000E+000,-4.9147112E+001,-2.6650604E+001,-2.6068765E+001, 0.0000000E+000, 1.2699247E-003, 0.0000000E+000, 1.4366989E-002
 3.1080017E+002, 2.6814707E+001,-8.0516146E-001,-8.6793169E-001,-1.5823892E+000, 5.4092475E-004, 0.0000000E+000,-4.3817928E+001,-2.0717640E+001,-2.0258163E+001, 0.0000000E+000, 1.2699247E-003, 0.0000000E+000, 1.2064322E-002
 3.1140286E+002, 2.7044664E+001,-6.2892759E-001,-7.4397379E-001,-1.2629337E+000, 5.3918436E-004, 0.0000000E+000,-4.6163692E+001,-2.2236988E+001,-2.1754324E+001, 0.0000000E+000, 1.2699247E-003, 0.0000000E+000, 1.2983846E-002
 3.1200076E+002, 2.6436441E+001,-5.6856843E-001,-7.6333491E-001,-9.2705722E-001, 5.6668579E-004, 0.0000000E+000,-4.1050385E+001,-1.7481826E+001,-1.6872338E+001, 0.0000000E+000, 1.2699247E-003, 0.0000000E+000, 1.1180066E-002
 3.1260056E+002, 2.7095462E+001,-5.8456423E-001,-8.5869597E-001,-6.9445093E-001, 5.8178621E-004, 0.0000000E+000,-3.7993503E+001,-1.3429385E+001,-1.3035171E+001, 0.0000000E+000, 1.2699247E-003, 0.0000000E+000, 9.9928596E-003
 3.1320303E+002, 2.6077467E+001,-4.3124013E-001,-8.8513358E-001,-5.5039194E-001, 5.7460630E-004, 0.0000000E+000,-3.6287060E+001,-1.2301559E+001,-1.2075784E+001, 0.0000000E+000, 1.2699247E-003, 0.0000000E+000, 9.3507029E-003
 3.1380109E+002, 2.6845115E+001,-4.7117650E-001,-9.2749514E-001,-3.2718861E-001, 5.7499819E-004, 0.0000000E+000,-3.7196302E+001,-1.2231560E+001,-1.2076473E+001, 0.0000000E+000, 1.2699247E-003, 0.0000000E+000, 9.7390971E-003
 3.1440164E+002, 2.5839646E+001,-3.1808895E-001,-9.9670707E-001,-1.1606978E-001, 5.5164774E-004, 0.0000000E+000,-3.6289420E+001,-1.2227446E+001,-1.1880088E+001, 0.0000000E+000, 1.2699247E-003, 0.0000000E+000, 9.4952323E-003
 3.1500162E+002, 2.6907518E+001,-2.5473885E-001,-9.4343629E-001,-6.2792714E-002, 5.5804599E-004, 0.0000000E+000,-3.5694827E+001,-1.0129544E+001,-1.0047719E+001, 0.0000000E+000, 1.2699247E-003, 0.0000000E+000, 9.0924486E-003
 3.1560147E+002, 2.6883724E+001,-2.0341052E-001,-9.4886806E-001,-1.0479741E-001, 5.6619753E-004, 0.0000000E+000,-3.4053631E+001,-8.6658449E+000,-8.4264173E+000, 0.0000000E+000, 1.2699247E-003, 0.0000000E+000, 8.7720063E-003
 3.1620343E+002, 2.7246264E+001,-2.3042933E-001,-1.2039221E+000, 5.6968626E-002, 5.8057839E-004, 0.0000000E+000,-3.1645508E+001,-6.1140770E+000,-5.7760458E+000, 0.0000000E+000, 1.2699247E-003, 0.0000000E+000, 7.8847487E-003
 3.1680051E+002, 2.6204540E+001,-1.7848238E-001,-1.0377743E+000, 1.7176072E-001, 5.6393098E-004, 0.0000000E+000,-3.2151716E+001,-7.3858121E+000,-6.9911081E+000, 0.0000000E+000, 1.2699247E-003, 0.0000000E+000, 8.0669217E-003
 3.1740329E+002, 2.6901753E+001,-1.8481135E-001,-1.0101290E+000, 2.2561419E-001, 5.7271779E-004, 0.0000000E+000,-3.0944866E+001,-4.9910667E+000,-5.0118667E+000, 0.0000000E+000, 1.2699247E-003, 0.0000000E+000, 7.7213530E-003
 3.1800113E+002, 2.6724963E+001,-1.3567553E-001,-1.1315960E+000, 3.0247764E-001, 5.8323310E-004, 0.0000000E+000,-2.9604737E+001,-3.7937264E+000,-3.8439844E+000, 0.0000000E+000, 1.2699247E-003, 0.0000000E+000, 7.1410230E-003
 3.1860153E+002, 2.6543006E+001,-1.1948182E-001,-1.1606733E+000, 4.2881526E-001, 5.7050985E-004, 0.0000000E+000,-3.0735500E+001,-5.3093100E+000,-5.0432635E+000, 0.0000000E+000, 1.2699247E-003, 0.0000000E+000, 7.8086225E-003
 3.1920105E+002, 2.6539011E+001,-1.2076485E-001,-1.0195330E+000, 4.9288805E-001, 5.4777834E-004, 0.0000000E+000,-3.0651316E+001,-5.1986754E+000,-4.7591669E+000, 0.0000000E+000, 1.2699247E-003, 0.0000000E+000, 7.8972795E-003
 3.1980179E+002, 2.6818024E+001,-4.2857350E-002,-1.0817406E+000, 4.0345685E-001, 5.7374006E-004, 0.0000000E+000,-2.9720305E+001,-3.7997355E+000,-3.6228485E+000, 0.0000000E+000, 1.2699247E-003, 0.0000000E+000, 7.6178374E-003
 3.2040012E+002, 2.6426776E+001,-1.3181514E-001,-1.0467849E+000, 4.5061542E-001, 5.5720138E-004, 0.0000000E+000,-2.9228765E+001,-3.9496688E+000,-3.5294167E+000, 0.0000000E+000, 1.2699247E-003, 0.0000000E+000, 7.5380149E-003
 3.2100040E+002, 2.6849082E+001,-7.4060877E-002,-1.1561132E+000, 4.8865291E-001, 5.6329711E-004, 0.0000000E+000,-2.8483827E+001,-2.6039080E+000,-2.3757023E+000, 0.0000000E+000, 1.2699247E-003, 0.0000000E+000, 7.0864468E-003
 3.2160172E+002, 2.6546578E+001,-1.1847663E-001,-1.2142428E+000, 5.2017770E-001, 5.6955092E-004, 0.0000000E+000,-2.8373164E+001,-2.8168397E+000,-2.6385585E+000, 0.0000000E+000, 1.2699247E-003, 0.0000000E+000, 7.0707487E-003
 3.2220074E+002, 2.6942674E+001, 1.5088859E-002,-1.0911830E+000, 4.7592839E-001, 5.6980625E-004, 0.0000000E+000,-2.9041479E+001,-2.7134598E+000,-2.6984014E+000, 0.0000000E+000, 1.2699247E-003, 0.0000000E+000, 7.2512841E-003
 3.2280087E+002, 2.6775851E+001, 4.7722051E-002,-1.1255387E+000, 5.2445583E-001, 5.8668055E-004, 0.0000000E+000,-2.8152387E+001,-2.1046343E+000,-1.9293105E+000, 0.0000000E+000, 1.2699247E-003, 0.0000000E+000, 7.2555120E-003
 3.2340121E+002, 2.5855415E+001,-2.6266156E-002,-1.1903681E+000, 5.4829676E-001, 5.2784097E-004, 0.0000000E+000,-2.6852192E+001,-1.8185474E+000,-1.6645869E+000, 0.0000000E+000, 1.2699247E-003, 0.0000000E+000, 6.6510968E-003
 3.2400104E+002, 2.7512315E+001, 8.8857193E-002,-1.1836707E+000, 3.8415675E-001, 5.5860417E-004, 0.0000000E+000,-2.8756936E+001,-2.1478139E+000,-1.9547193E+000, 0.0000000E+000, 1.2699247E-003, 0.0000000E+000, 7.2750671E-003
 3.2460040E+002, 2.6761717E+001, 1.7897505E-002,-1.1816609E+000, 4.3697608E-001, 5.7904266E-004, 0.0000000E+000,-2.6199447E+001,-5.7582419E-001,-1.6393808E-001, 0.0000000E+000, 1.2699247E-003, 0.0000000E+000, 6.4713000E-003
 3.2520032E+002, 2.5697633E+001, 1.4721804E-001,-1.1061396E+000, 5.1369193E-001, 5.8058557E-004, 0.0000000E+000,-2.7697951E+001,-2.5774517E+000,-2.4449669E+000, 0.0000000E+000, 1.2699247E-003, 0.0000000E+000, 7.0902318E-003
 3.2580334E+002, 2.6647750E+001, 2.5580170E-002,-1.1362494E+000, 5.7465827E-001, 5.6864528E-004, 0.0000000E+000,-2.6875710E+001,-8.3049214E-001,-7.6340223E-001, 0.0000000E+000, 1.2699247E-003, 0.0000000E+000, 6.8102377E-003
 3.2640076E+002, 2.6838509E+001, 7.1604831E-002,-9.7146402E-001, 5.1340472E-001, 5.8318357E-004, 0.0000000E+000,-2.6690598E+001,-4.9696593E-001,-2.3796114E-001, 0.0000000E+000, 1.2699247E-003, 0.0000000E+000, 6.5551312E-003
 3.2700006E+002, 2.7080408E+001, 8.3781072E-002,-9.9650323E-001, 5.2263077E-001, 5.6609714E-004, 0.0000000E+000,-2.8035518E+001,-1.5847210E+000,-1.3446353E+000, 0.0000000E+000, 1.2699247E-003, 0.0000000E+000, 7.0828800E-003
 3.2760147E+002, 2.5488729E+001, 2.1544721E-001,-8.9437817E-001, 6.0790205E-001, 5.2591136E-004, 0.0000000E+000,-2.8696802E+001,-3.3246884E+000,-3.2785757E+000, 0.0000000E+000, 1.2699247E-003, 0.0000000E+000, 7.4085385E-003
 3.2820166E+002, 2.6983129E+001, 9.0360796E-002,-9.4154123E-001, 4.8637316E-001, 5.4254714E-004, 0.0000000E+000,-2.6956203E+001,-5.8197131E-001,-3.3733893E-001, 0.0000000E+000, 1.2699247E-003, 0.0000000E+000, 6.8472271E-003
 3.2880093E+002, 2.6360601E+001, 7.7815395E-002,-1.0412979E+000, 5.5094934E-001, 5.4354578E-004, 0.0000000E+000,-2.6001469E+001,-1.8649887E-001,-5.2857880E-002, 0.0000000E+000, 1.2699247E-003, 0.0000000E+000, 6.3566436E-003
 3.2940213E+002, 2.7482660E+001,-3.6463966E-002,-9.5238485E-001, 5.8536400E-001, 5.6378719E-004, 0.0000000E+000,-2.6802814E+001, 8.2852220E-002, 2.7692528E-001, 0.0000000E+000, 1.2699247E-003, 0.0000000E+000, 6.6186618E-003
 3.3000150E+002, 2.6309352E+001, 1.9070006E-001,-8.8295374E-001, 6.1855604E-001, 5.5480849E-004, 0.0000000E+000,-2.7694381E+001,-1.6497827E+000,-1.4581720E+000, 0.0000000E+000, 1.2699247E-003, 0.0000000E+000, 7.0059462E-003
 3.3060287E+002, 2.5866289E+001, 4.8279401E-002,-1.0150925E+000, 5.7089350E-001, 5.4610743E-004, 0.0000000E+000,-2.6163830E+001,-9.6118092E-001,-6.9291505E-001, 0.0000000E+000, 1.2699247E-003, 0.0000000E+000, 6.5414104E-003
 3.3120093E+002, 2.7972692E+001, 4.7919893E-002,-1.0399482E+000, 5.6822522E-001, 5.7846979E-004, 0.0000000E+000,-2.6619418E+001, 8.4055160E-001, 9.3004917E-001, 0.0000000E+000, 1.2699247E-003, 0.0000000E+000, 6.4765527E-003
 3.3180222E+002, 2.6125023E+001, 1.3324992E-001,-1.0447221E+000, 5.1571223E-001, 5.7238856E-004, 0.0000000E+000,-2.7494289E+001,-1.8943977E+000,-1.7644535E+000, 0.0000000E+000, 1.2699247E-003, 0.0000000E+000, 7.0563457E-003
 3.3240231E+002, 2.6858764E+001, 5.8373358E-003,-9.9351053E-001, 5.2140315E-001, 5.5629681E-004, 0.0000000E+000,-2.6676456E+001,-3.6949795E-001,-2.8340602E-001, 0.0000000E+000, 1.2699247E-003, 0.0000000E+000, 6.8094083E-003
 3.3300174E+002, 2.6545402E+001, 7.3266293E-002,-9.2299542E-001, 5.5831139E-001, 5.7664344E-004, 0.0000000E+000,-2.7069822E+001,-9.6375953E-001,-8.1526088E-001, 0.0000000E+000, 1.2699247E-003, 0.0000000E+000, 6.8389598E-003
 3.3360049E+002, 2.6377052E+001, 7.3507958E-002,-9.6287533E-001, 5.2839924E-001, 5.5174627E-004, 0.0000000E+000,-2.5771051E+001,-9.4441827E-002, 2.4558498E-001, 0.0000000E+000, 1.2699247E-003, 0.0000000E+000, 6.2297445E-003
 3.3420068E+002, 2.5947956E+001, 1.3001499E-001,-9.7115463E-001, 5.4408403E-001, 5.3864409E-004, 0.0000000E+000,-2.5979432E+001,-3.3544397E-001,-3.2799315E-001, 0.0000000E+000, 1.2699247E-003, 0.0000000E+000, 6.2871023E-003
 3.3480341E+002, 2.8091345E+001, 9.5478252E-002,-9.4180429E-001, 4.9030354E-001, 5.7718442E-004, 0.0000000E+000,-2.6091595E+001, 1.2753543E+000, 1.6443043E+000, 0.0000000E+000, 1.2699247E-003, 0.0000000E+000, 6.6652975E-003
 3.3540012E+002, 2.6891506E+001, 2.6740671E-002,-9.5395875E-001, 4.8883974E-001, 5.9196675E-004, 0.0000000E+000,-2.7362163E+001,-9.9296604E-001,-9.0844386E-001, 0.0000000E+000, 1.2699247E-003, 0.0000000E+000, 7.0927894E-003
 3.3600388E+002, 2.6419910E+001, 1.8036411E-001,-9.9891406E-001, 5.0588159E-001, 6.0614021E-004, 0.0000000E+000,-2.6716679E+001,-9.1504861E-001,-6.0883133E-001, 0.0000000E+000, 1.2699247E-003, 0.0000000E+000, 6.8637184E-003
 3.3660001E+002, 2.6681070E+001, 6.0989329E-002,-1.0404343E+000, 4.8036336E-001, 5.8491612E-004, 0.0000000E+000,-2.6547247E+001,-4.5841780E-001,-3.6467363E-001, 0.0000000E+000, 1.2699247E-003, 0.0000000E+000, 6.8854232E-003
 3.3720245E+002, 2.5941589E+001, 1.2493979E-001,-1.1015551E+000, 4.6171639E-001, 5.6215265E-004, 0.0000000E+000,-2.6030022E+001,-1.0619721E+000,-6.0276991E-001, 0.0000000E+000, 1.2699247E-003, 0.0000000E+000, 6.4390305E-003
 3.3780032E+002, 2.6711320E+001, 1.9808208E-001,-1.0424802E+000, 5.2225522E-001, 5.4298430E-004, 0.0000000E+000,-2.6058810E+001, 1.6033436E-001, 3.3090981E-001, 0.0000000E+000, 1.2699247E-003, 0.0000000E+000, 6.4653024E-003
 3.3840256E+002, 2.7240138E+001, 5.4924245E-002,-9.0841218E-001, 4.9059338E-001, 5.7426370E-004, 0.0000000E+000,-2.4687562E+001, 2.0965421E+000, 2.1902556E+000, 0.0000000E+000, 1.2699247E-003, 0.0000000E+000, 5.9962986E-003
 3.3900079E+002, 2.6136429E+001, 1.6960321E-001,-9.1009270E-001, 4.3522073E-001, 5.7620984E-004, 0.0000000E+000,-2.7178730E+001,-1.5072735E+000,-1.3469929E+000, 0.0000000E+000, 1.2699247E-003, 0.0000000E+000, 7.0360234E-003
 3.3960150E+002, 2.6385662E+001, 4.5148631E-002,-1.0204971E+000, 4.3916321E-001, 5.4391820E-004, 0.0000000E+000,-2.6244882E+001,-5.7818936E-001,-3.9486160E-001, 0.0000000E+000, 1.2699247E-003, 0.0000000E+000, 6.6534240E-003
 3.4020322E+002, 2.7068246E+001, 1.1699415E-001,-1.1279793E+000, 4.3648577E-001, 5.7586609E-004, 0.0000000E+000,-2.5763927E+001, 6.3370565E-001, 7.3039507E-001, 0.0000000E+000, 1.2699247E-003, 0.0000000E+000, 6.4479122E-003
 3.4080127E+002, 2.6066072E+001, 1.9724564E-001,-1.0042610E+000, 4.4823683E-001, 5.6192592E-004, 0.0000000E+000,-2.6552130E+001,-1.1544349E+000,-8.4427477E-001, 0.0000000E+000, 1.2699247E-003, 0.0000000E+000, 6.7908916E-003
 3.4140012E+002, 2.6998477E+001, 4.5757727E-002,-9.8760750E-001, 4.4237031E-001, 5.5700252E-004, 0.0000000E+000,-2.5916892E+001, 3.8119077E-001, 5.8266266E-001, 0.0000000E+000, 1.2699247E-003, 0.0000000E+000, 6.6122747E-003
 3.4200250E+002, 2.7231660E+001, 2.5911197E-002,-9.8576776E-001, 4.4018939E-001, 5.7559613E-004, 0.0000000E+000,-2.6596896E+001,-4.1471037E-002, 1.1567240E-001, 0.0000000E+000, 1.2699247E-003, 0.0000000E+000, 6.6083011E-003
 3.4260300E+002, 2.6011587E+001, 2.0722054E-001,-9.0416018E-001, 4.8512246E-001, 5.6089792E-004, 0.0000000E+000,-2.6878032E+001,-1.4860095E+000,-1.0777010E+000, 0.0000000E+000, 1.2699247E-003, 0.0000000E+000, 6.8969332E-003
 3.4320032E+002, 2.6850670E+001, 9.7547689E-002,-1.0164499E+000, 4.2100606E-001, 5.6855460E-004, 0.0000000E+000,-2.5706790E+001, 5.8969955E-001, 6.4655273E-001, 0.0000000E+000, 1.2699247E-003, 0.0000000E+000, 6.3601050E-003
 3.4380280E+002, 2.7230204E+001, 3.7589425E-002,-1.0905774E+000, 5.0655979E-001, 5.7353960E-004, 0.0000000E+000,-2.5642104E+001, 1.0281834E+000, 1.0422450E+000, 0.0000000E+000, 1.2699247E-003, 0.0000000E+000, 6.2854555E-003
 3.4440073E+002, 2.6060968E+001, 1.0346868E-001,-9.4423686E-001, 4.9999658E-001, 5.6761880E-004, 0.0000000E+000,-2.7713537E+001,-2.0242070E+000,-1.9927733E+000, 0.0000000E+000, 1.2699247E-003, 0.0000000E+000, 7.1909879E-003
 3.4500140E+002, 2.6842491E+001, 7.1702427E-002,-9.1573122E-001, 4.3177278E-001, 5.7668124E-004, 0.0000000E+000,-2.6485240E+001,-1.3838326E-001,-5.4428660E-002, 0.0000000E+000, 1.2699247E-003, 0.0000000E+000, 6.7445702E-003
 3.4560300E+002, 2.6704776E+001, 4.5139947E-002,-1.0047864E+000, 5.0126555E-001, 5.6736909E-004, 0.0000000E+000,-2.6906064E+001,-9.4030279E-001,-6.5910212E-001, 0.0000000E+000, 1.2699247E-003, 0.0000000E+000, 6.8691839E-003
 3.4620261E+002, 2.6551007E+001, 1.8706564E-001,-1.0762806E+000, 4.4739143E-001, 5.7704259E-004, 0.0000000E+000,-2.6707636E+001,-6.2098055E-001,-5.9787482E-001, 0.0000000E+000, 1.2699247E-003, 0.0000000E+000, 6.8399992E-003
 3.4680328E+002, 2.6739605E+001, 2.9926134E-002,-9.3101034E-001, 5.0068544E-001, 5.9929580E-004, 0.0000000E+000,-2.5317065E+001, 8.6043763E-001, 1.0227402E+000, 0.0000000E+000, 1.2699247E-003, 0.0000000E+000, 6.3662907E-003
 3.4740079E+002, 2.6421538E+001, 1.2697643E-002,-8.4200296E-001, 5.5286998E-001, 5.7631890E-004, 0.0000000E+000,-2.6878420E+001,-6.6631905E-001,-7.3274119E-001, 0.0000000E+000, 1.2699247E-003, 0.0000000E+000, 6.8704174E-003
 3.4800150E+002, 2.6737979E+001, 5.4538954E-002,-1.0385187E+000, 5.0229730E-001, 5.8255385E-004, 0.0000000E+000,-2.5049367E+001, 1.2153153E+000, 1.2075116E+000, 0.0000000E+000, 1.2699247E-003, 0.0000000E+000, 6.2660740E-003
 3.4860132E+002, 2.6326899E+001, 1.3604976E-001,-8.9249046E-001, 4.1634113E-001, 5.7319152E-004, 0.0000000E+000,-2.5114546E+001, 7.3318349E-001, 8.7282613E-001, 0.0000000E+000, 1.2699247E-003, 0.0000000E+000, 6.6032595E-003
 3.4920032E+002, 2.6380572E+001, 4.4792228E-002,-8.1218565E-001, 4.5459880E-001, 5.5492582E-004, 0.0000000E+000,-2.6013968E+001,-1.6304580E-001, 5.4364173E-002, 0.0000000E+000, 1.2699247E-003, 0.0000000E+000, 6.8461934E-003
 3.4980231E+002, 2.5833414E+001, 2.2598451E-001,-9.9567033E-001, 4.4195222E-001, 5.5020588E-004, 0.0000000E+000,-2.6100906E+001,-6.8800545E-001,-5.9467585E-001, 0.0000000E+000, 1.2699247E-003, 0.0000000E+000, 6.6805123E-003
 3.5040320E+002, 2.8220195E+001,-6.2306607E-002,-9.7609314E-001, 3.9649185E-001, 5.5280526E-004, 0.0000000E+000,-2.5194166E+001, 2.1460662E+000, 2.3846745E+000, 0.0000000E+000, 1.2699247E-003, 0.0000000E+000, 6.4347360E-003
 3.5100189E+002, 2.6147455E+001, 1.4966166E-001,-8.4067915E-001, 4.6562421E-001, 5.5302212E-004, 0.0000000E+000,-2.7911883E+001,-2.0910957E+000,-1.9892682E+000, 0.0000000E+000, 1.2699247E-003, 0.0000000E+000, 7.1943049E-003
 3.5160162E+002, 2.6692542E+001, 5.9144254E-002,-8.8801779E-001, 4.3344984E-001, 5.4114910E-004, 0.0000000E+000,-2.4899301E+001, 8.9584461E-001, 1.3983590E+000, 0.0000000E+000, 1.2699247E-003, 0.0000000E+000, 6.1209378E-003
 3.5220245E+002, 2.6646331E+001,-6.8826625E-004,-8.7063824E-001, 4.4878631E-001, 5.5230464E-004, 0.0000000E+000,-2.5920696E+001,-5.8722993E-002, 3.0364691E-001, 0.0000000E+000, 1.2699247E-003, 0.0000000E+000, 6.3424472E-003
 3.5280280E+002, 2.6094396E+001, 1.4967133E-001,-7.3170831E-001, 4.4646547E-001, 5.4521421E-004, 0.0000000E+000,-2.7360480E+001,-1.7713005E+000,-1.4011103E+000, 0.0000000E+000, 1.2699247E-003, 0.0000000E+000, 7.0877050E-003
 3.5340115E+002, 2.7610446E+001, 1.4321776E-002,-8.2524174E-001, 4.8348658E-001, 5.6959175E-004, 0.0000000E+000,-2.6201114E+001, 8.5000916E-001, 1.0824678E+000, 0.0000000E+000, 1.2699247E-003, 0.0000000E+000, 6.6898118E-003
 3.5400104E+002, 2.7060918E+001, 1.4447912E-002,-1.0756823E+000, 4.4736175E-001, 5.9729241E-004, 0.0000000E+000,-2.3941671E+001, 2.4759623E+000, 2.5059714E+000, 0.0000000E+000, 1.2699247E-003, 0.0000000E+000, 5.7186691E-003
 3.5460229E+002, 2.6010730E+001, 2.7114870E-002,-9.9586222E-001, 3.9752733E-001, 5.6708340E-004, 0.0000000E+000,-2.7063701E+001,-1.6680476E+000,-1.6236236E+000, 0.0000000E+000, 1.2699247E-003, 0.0000000E+000, 6.8797540E-003
 3.5520297E+002, 2.6833936E+001, 4.1360050E-002,-7.6985530E-001, 4.0395218E-001, 5.5266559E-004, 0.0000000E+000,-2.6943938E+001,-6.7833807E-001,-4.3399176E-001, 0.0000000E+000, 1.2699247E-003, 0.0000000E+000, 7.0126833E-003
 3.5580051E+002, 2.6544769E+001, 8.4756086E-002,-8.2766308E-001, 4.1321685E-001, 5.8160506E-004, 0.0000000E+000,-2.6262187E+001,-1.3805033E-001,-4.6525906E-002, 0.0000000E+000, 1.2699247E-003, 0.0000000E+000, 6.6501324E-003
 3.5640018E+002, 2.5715566E+001, 9.0438924E-002,-8.4589585E-001, 5.0557588E-001, 5.5433412E-004, 0.0000000E+000,-2.5697976E+001,-2.9917882E-001,-2.3173750E-001, 0.0000000E+000, 1.2699247E-003, 0.0000000E+000, 6.4477511E-003
 3.5700385E+002, 2.6832854E+001, 2.4695513E-002,-8.6771616E-001, 5.1881779E-001, 5.3698479E-004, 0.0000000E+000,-2.5191061E+001, 1.3518168E+000, 1.3181267E+000, 0.0000000E+000, 1.2699247E-003, 0.0000000E+000, 6.4247855E-003
 3.5760123E+002, 2.7450939E+001, 5.7848768E-002,-1.0696072E+000, 4.6182384E-001, 5.6617562E-004, 0.0000000E+000,-2.4376788E+001, 2.3851687E+000, 2.5247820E+000, 0.0000000E+000, 1.2699247E-003, 0.0000000E+000, 5.9923936E-003
 3.5820312E+002, 2.6127728E+001, 5.5346941E-002,-9.9165265E-001, 4.3827257E-001, 5.4941551E-004, 0.0000000E+000,-2.7052254E+001,-1.4396935E+000,-1.4220105E+000, 0.0000000E+000, 1.2699247E-003, 0.0000000E+000, 6.9760199E-003
 3.5880203E+002, 2.5924671E+001, 1.5555311E-001,-9.1063206E-001, 4.1278138E-001, 5.4323377E-004, 0.0000000E+000,-2.6333193E+001,-8.9367392E-001,-7.5027654E-001, 0.0000000E+000, 1.2699247E-003, 0.0000000E+000, 6.6275581E-003
 3.5940219E+002, 2.7367994E+001,-4.8241822E-002,-1.0548217E+000, 3.7679531E-001, 5.4565427E-004, 0.0000000E+000,-2.6427428E+001, 1.8251945E-001, 2.1484382E-001, 0.0000000E+000, 1.2699247E-003, 0.0000000E+000, 6.7791616E-003
 3.6000006E+002, 2.7159394E+001, 1.2315197E-001,-1.0982156E+000, 3.8278925E-001, 5.5962620E-004, 0.0000000E+000,-2.5217779E+001, 1.2175912E+000, 1.3499004E+000, 0.0000000E+000, 1.2699247E-003, 0.0000000E+000, 6.2566888E-003
 3.6060202E+002, 2.6611385E+001, 1.2556387E-001,-7.5066818E-001, 3.3018813E-001, 5.7232017E-004, 0.0000000E+000,-2.7794715E+001,-1.5684855E+000,-1.4776737E+000, 0.0000000E+000, 1.2699247E-003, 0.0000000E+000, 7.1463035E-003
 3.6120084E+002, 2.6869169E+001,-1.8411369E-002,-9.3357938E-001, 2.6031371E-001, 5.7852860E-004, 0.0000000E+000,-2.5574530E+001, 5.2053255E-001, 6.0354036E-001, 0.0000000E+000, 1.2699247E-003, 0.0000000E+000, 6.4849574E-003
 3.6180020E+002, 2.6398230E+001, 8.4037576E-002,-8.9191794E-001, 3.0595466E-001, 5.7261369E-004, 0.0000000E+000,-2.6950310E+001,-1.0941772E+000,-1.0534337E+000, 0.0000000E+000, 1.2699247E-003, 0.0000000E+000, 6.9352483E-003
 3.6240036E+002, 2.5897358E+001, 5.4178869E-002,-8.3340401E-001, 4.1124368E-001, 5.4610729E-004, 0.0000000E+000,-2.5965798E+001,-5.9597044E-001,-4.3587581E-001, 0.0000000E+000, 1.2699247E-003, 0.0000000E+000, 6.6923931E-003
 3.6300195E+002, 2.7594129E+001,-3.7017480E-002,-9.0640415E-001, 4.6617638E-001, 5.6569622E-004, 0.0000000E+000,-2.5784720E+001, 1.3515056E+000, 1.3327300E+000, 0.0000000E+000, 1.2699247E-003, 0.0000000E+000, 6.3970455E-003
 3.6360165E+002, 2.6021409E+001, 6.2493442E-002,-8.3018704E-001, 4.4976352E-001, 5.5989085E-004, 0.0000000E+000,-2.7281464E+001,-1.7939664E+000,-1.5774253E+000, 0.0000000E+000, 1.2699247E-003, 0.0000000E+000, 7.0019362E-003
 3.6420132E+002, 2.6740400E+001, 1.2386191E-001,-9.0473687E-001, 4.2536825E-001, 5.5586200E-004, 0.0000000E+000,-2.6035527E+001, 3.3981839E-001, 3.4992152E-001, 0.0000000E+000, 1.2699247E-003, 0.0000000E+000, 6.5497656E-003
 3.6480234E+002, 2.6875592E+001, 9.7530008E-003,-8.6412882E-001, 4.1277567E-001, 5.4492440E-004, 0.0000000E+000,-2.7655525E+001,-1.3849624E+000,-1.2209888E+000, 0.0000000E+000, 1.2699247E-003, 0.0000000E+000, 7.1919787E-003
 3.6540271E+002, 2.6856615E+001, 3.1149886E-002,-8.4355777E-001, 4.0209933E-001, 5.5433713E-004, 0.0000000E+000,-2.6411592E+001, 3.5207399E-001, 3.5268176E-002, 0.0000000E+000, 1.2699247E-003, 0.0000000E+000, 6.7676152E-003
 3.6600024E+002, 2.7432887E+001,-4.1731381E-002,-8.6862399E-001, 4.2418905E-001, 5.8251582E-004, 0.0000000E+000,-2.6789989E+001, 1.1588426E-001, 1.5731453E-001, 0.0000000E+000, 1.2699247E-003, 0.0000000E+000, 7.0139493E-003
 3.6660114E+002, 2.6505432E+001, 6.4256830E-002,-8.7768124E-001, 3.9261613E-001, 5.9824948E-004, 0.0000000E+000,-2.6620885E+001,-5.7726358E-001,-5.3566303E-001, 0.0000000E+000, 1.2699247E-003, 0.0000000E+000, 6.8486399E-003
 3.6720114E+002, 2.5913597E+001, 5.9848465E-002,-9.5098656E-001, 3.5548995E-001, 5.8269651E-004, 0.0000000E+000,-2.4671832E+001, 6.4318652E-001, 7.0669890E-001, 0.0000000E+000, 1.2699247E-003, 0.0000000E+000, 6.2908893E-003
 3.6780151E+002, 2.6405548E+001, 1.0004020E-001,-8.0516660E-001, 3.7949846E-001, 5.5049122E-004, 0.0000000E+000,-2.7838487E+001,-1.7871763E+000,-1.7580169E+000, 0.0000000E+000, 1.2699247E-003, 0.0000000E+000, 7.3441202E-003
 3.6840347E+002, 2.7515913E+001,-1.2665405E-001,-9.0214736E-001, 3.5388723E-001, 5.8460589E-004, 0.0000000E+000,-2.5103721E+001, 1.6514370E+000, 1.7378631E+000, 0.0000000E+000, 1.2699247E-003, 0.0000000E+000, 6.5693428E-003
 3.6900204E+002, 2.6027912E+001, 6.7192200E-003,-9.0975881E-001, 3.2740839E-001, 6.0044419E-004, 0.0000000E+000,-2.5044716E+001, 3.0327655E-001, 4.0816510E-001, 0.0000000E+000, 1.2699247E-003, 0.0000000E+000, 6.2970461E-003
 3.6960016E+002, 2.6115707E+001,-6.0539173E-003,-9.8818681E-001, 3.7153989E-001, 5.7832057E-004, 0.0000000E+000,-2.5630068E+001,-2.4446093E-001,-1.3648421E-001, 0.0000000E+000, 1.2699247E-003, 0.0000000E+000, 6.4588197E-003
 3.7020190E+002, 2.6504517E+001,-2.1215562E-002,-8.7333979E-001, 4.2929461E-001, 5.4196086E-004, 0.0000000E+000,-2.5309390E+001, 5.0214053E-001, 7.3040798E-001, 0.0000000E+000, 1.2699247E-003, 0.0000000E+000, 6.4044367E-003
 3.7080157E+002, 2.6160586E+001,-8.9767457E-003,-8.4130435E-001, 4.2034077E-001, 5.1665513E-004, 0.0000000E+000,-2.6501151E+001,-9.9194474E-001,-7.6998913E-001, 0.0000000E+000, 1.2699247E-003, 0.0000000E+000, 6.8244807E-003
 3.7140115E+002, 2.7805378E+001,-3.1040668E-002,-9.8309679E-001, 4.1704190E-001, 5.5139929E-004, 0.0000000E+000,-2.6410102E+001, 8.1528106E-001, 7.9873229E-001, 0.0000000E+000, 1.2699247E-003, 0.0000000E+000, 6.6213025E-003
 3.7200128E+002, 2.6084363E+001, 2.2259596E-002,-9.9893570E-001, 3.7434555E-001, 5.4938796E-004, 0.0000000E+000,-2.4833332E+001, 5.5757807E-001, 6.4924987E-001, 0.0000000E+000, 1.2699247E-003, 0.0000000E+000, 6.0851942E-003
 3.7260016E+002, 2.6930676E+001, 3.2455928E-002,-8.8966921E-001, 2.7248893E-001, 5.6388976E-004, 0.0000000E+000,-2.6585724E+001,-3.8528247E-001,-2.3920840E-001, 0.0000000E+000, 1.2699247E-003, 0.0000000E+000, 6.6017102E-003
 3.7320090E+002, 2.6900013E+001,-1.1386408E-001,-7.9191955E-001, 2.8513789E-001, 5.5858742E-004, 0.0000000E+000,-2.5420535E+001, 7.1075905E-001, 8.5939109E-001, 0.0000000E+000, 1.2699247E-003, 0.0000000E+000, 6.4440671E-003
 3.7380237E+002, 2.6122793E+001, 8.2792142E-002,-1.0183598E+000, 3.1801907E-001, 5.7318339E-004, 0.0000000E+000,-2.4688645E+001, 5.3478579E-001, 8.1717162E-001, 0.0000000E+000, 1.2699247E-003, 0.0000000E+000, 5.9428921E-003
 3.7440018E+002, 2.6880178E+001,-6.2571186E-002,-9.5945648E-001, 2.8578228E-001, 5.6075580E-004, 0.0000000E+000,-2.6944726E+001,-8.6907779E-001,-8.0023318E-001, 0.0000000E+000, 1.2699247E-003, 0.0000000E+000, 6.8982653E-003
 3.7500104E+002, 2.7198431E+001, 3.9455932E-002,-1.0442793E+000, 2.5663994E-001, 5.7272876E-004, 0.0000000E+000,-2.5914215E+001, 4.6900456E-001, 5.3660539E-001, 0.0000000E+000, 1.2699247E-003, 0.0000000E+000, 6.6149570E-003
 3.7560068E+002, 2.6683602E+001, 1.0003340E-002,-8.5693603E-001, 2.7648582E-001, 5.8441151E-004, 0.0000000E+000,-2.5446858E+001, 6.0965387E-001, 6.6688203E-001, 0.0000000E+000, 1.2699247E-003, 0.0000000E+000, 6.4511551E-003
 3.7620264E+002, 2.6324022E+001, 1.0936175E-001,-8.6714281E-001, 2.9385472E-001, 5.7352717E-004, 0.0000000E+000,-2.6463601E+001,-5.4040282E-001,-6.0293154E-001, 0.0000000E+000, 1.2699247E-003, 0.0000000E+000, 6.8442162E-003
 3.7680356E+002, 2.5169126E+001, 7.6937640E-002,-7.0330793E-001, 3.9324572E-001, 5.3942183E-004, 0.0000000E+000,-2.7521867E+001,-2.6347085E+000,-2.5853265E+000, 0.0000000E+000, 1.2699247E-003, 0.0000000E+000, 7.5100496E-003
 3.7740308E+002, 2.7734110E+001,-4.2829629E-002,-8.8428649E-001, 2.1680363E-001, 5.4739160E-004, 0.0000000E+000,-2.6086276E+001, 8.7677430E-001, 9.3806817E-001, 0.0000000E+000, 1.2699247E-003, 0.0000000E+000, 6.8427775E-003
 3.7800317E+002, 2.7124100E+001,-3.3586483E-002,-8.8021936E-001, 2.7967501E-001, 5.6350070E-004, 0.0000000E+000,-2.5790659E+001, 6.6328272E-001, 6.9987333E-001, 0.0000000E+000, 1.2699247E-003, 0.0000000E+000, 6.6688796E-003
 3.7860156E+002, 2.6730475E+001, 9.2755377E-002,-8.5151865E-001, 2.7710028E-001, 5.4957929E-004, 0.0000000E+000,-2.7101120E+001,-9.3123421E-001,-8.5175900E-001, 0.0000000E+000, 1.2699247E-003, 0.0000000E+000, 7.0314402E-003
 3.7920184E+002, 2.6740841E+001, 6.6614456E-002,-9.8579827E-001, 1.2681299E-001, 5.8299845E-004, 0.0000000E+000,-2.6009568E+001, 1.2123023E-002,-6.0514558E-002, 0.0000000E+000, 1.2699247E-003, 0.0000000E+000, 6.5709916E-003
 3.7980133E+002, 2.6021949E+001,-5.7819366E-002,-7.6352099E-001, 3.4364761E-001, 5.6428078E-004, 0.0000000E+000,-2.9099283E+001,-3.5761372E+000,-3.5544629E+000, 0.0000000E+000, 1.2699247E-003, 0.0000000E+000, 7.7978182E-003
 3.8040216E+002, 2.6316769E+001,-4.3359374E-002,-8.0558123E-001, 2.9391056E-001, 5.2965472E-004, 0.0000000E+000,-2.5621243E+001,-2.5006070E-002, 1.4102600E-001, 0.0000000E+000, 1.2699247E-003, 0.0000000E+000, 6.4881487E-003
 3.8100140E+002, 2.7273968E+001,-6.2936642E-002,-8.3001628E-001, 1.8207590E-001, 5.6154961E-004, 0.0000000E+000,-2.5434492E+001, 9.9480336E-001, 1.1291604E+000, 0.0000000E+000, 1.2699247E-003, 0.0000000E+000, 6.4213822E-003
 3.8160181E+002, 2.5964777E+001, 5.0031822E-002,-1.0656130E+000, 3.3380938E-001, 5.5900076E-004, 0.0000000E+000,-2.5826081E+001,-6.8864977E-001,-5.4251744E-001, 0.0000000E+000, 1.2699247E-003, 0.0000000E+000, 6.5695013E-003
 3.8220239E+002, 2.7405743E+001,-4.9772100E-002,-9.9950796E-001, 3.2831411E-001, 5.6207004E-004, 0.0000000E+000,-2.5707754E+001, 7.5764449E-001, 9.7758583E-001, 0.0000000E+000, 1.2699247E-003, 0.0000000E+000, 6.5357379E-003
 3.8280032E+002, 2.6709047E+001,-3.7064018E-002,-9.3635881E-001, 3.4320352E-001, 5.6865103E-004, 0.0000000E+000,-2.5626060E+001, 4.3822261E-001, 4.5333648E-001, 0.0000000E+000, 1.2699247E-003, 0.0000000E+000, 6.4158677E-003
 3.8340088E+002, 2.6355609E+001, 1.9379458E-002,-8.8406392E-001, 3.4933445E-001, 5.5728194E-004, 0.0000000E+000,-2.5896135E+001,-2.6327477E-001,-5.5318192E-002, 0.0000000E+000, 1.2699247E-003, 0.0000000E+000, 6.7105049E-003
 3.8400162E+002, 2.6541896E+001,-3.7061036E-002,-7.3997213E-001, 2.7763869E-001, 5.6097268E-004, 0.0000000E+000,-2.6211666E+001,-5.1444123E-001,-1.6860278E-001, 0.0000000E+000, 1.2699247E-003, 0.0000000E+000, 6.8967141E-003
 3.8460315E+002, 2.6453256E+001, 3.4524612E-002,-7.5662204E-001, 3.7205310E-001, 5.3459613E-004, 0.0000000E+000,-2.6259261E+001,-2.1584203E-001,-1.5551521E-001, 0.0000000E+000, 1.2699247E-003, 0.0000000E+000, 6.8342707E-003
 3.8520325E+002, 2.7094856E+001,-5.5303959E-002,-8.0026247E-001, 2.9583040E-001, 5.6418360E-004, 0.0000000E+000,-2.5547504E+001, 9.1389147E-001, 9.8818021E-001, 0.0000000E+000, 1.2699247E-003, 0.0000000E+000, 6.5737391E-003
 3.8580298E+002, 2.6379250E+001, 5.2332399E-002,-7.9679172E-001, 2.9010680E-001, 5.6691721E-004, 0.0000000E+000,-2.5869086E+001,-1.5378242E-001, 5.6378184E-002, 0.0000000E+000, 1.2699247E-003, 0.0000000E+000, 6.6444851E-003
 3.8640146E+002, 2.6901470E+001,-9.1918526E-002,-7.8538139E-001, 2.5218163E-001, 5.6430185E-004, 0.0000000E+000,-2.5249229E+001, 7.4741533E-001, 1.0276869E+000, 0.0000000E+000, 1.2699247E-003, 0.0000000E+000, 6.4070638E-003
 3.8700137E+002, 2.6303217E+001, 6.3667912E-002,-7.8194630E-001, 2.4438376E-001, 5.8470776E-004, 0.0000000E+000,-2.5516126E+001, 3.3029470E-001, 3.1378109E-001, 0.0000000E+000, 1.2699247E-003, 0.0000000E+000, 6.2016891E-003
 3.8760052E+002, 2.7291534E+001,-1.5815676E-001,-9.0268614E-001, 3.0406121E-001, 5.8115129E-004, 0.0000000E+000,-2.5210551E+001, 1.1706106E+000, 1.3247827E+000, 0.0000000E+000, 1.2699247E-003, 0.0000000E+000, 6.2444088E-003
 3.8820035E+002, 2.5881037E+001, 4.8218173E-002,-9.3560128E-001, 3.0495611E-001, 5.7200642E-004, 0.0000000E+000,-2.5737613E+001,-4.6406513E-001,-4.3843098E-001, 0.0000000E+000, 1.2699247E-003, 0.0000000E+000, 6.3838282E-003
 3.8880161E+002, 2.6788748E+001,-1.2342190E-001,-9.4768373E-001, 2.7150581E-001, 5.6328619E-004, 0.0000000E+000,-2.5502924E+001, 3.0461218E-001, 4.8678739E-001, 0.0000000E+000, 1.2699247E-003, 0.0000000E+000, 6.4109071E-003
 3.8940082E+002, 2.6438709E+001, 9.8063581E-005,-8.5078245E-001, 2.6801496E-001, 5.7593271E-004, 0.0000000E+000,-2.7552554E+001,-1.7755865E+000,-1.6959379E+000, 0.0000000E+000, 1.2699247E-003, 0.0000000E+000, 7.1122307E-003
 3.9000290E+002, 2.6959044E+001, 3.1095899E-003,-8.7890645E-001, 2.6435813E-001, 5.6808731E-004, 0.0000000E+000,-2.6483629E+001,-4.4743224E-001,-1.3545566E-001, 0.0000000E+000, 1.2699247E-003, 0.0000000E+000, 6.7442626E-003
 3.9060306E+002, 2.6099874E+001,-9.2576849E-003,-9.6600913E-001, 2.1475426E-001, 5.3779901E-004, 0.0000000E+000,-2.5907167E+001,-7.5266203E-001,-5.6726819E-001, 0.0000000E+000, 1.2699247E-003, 0.0000000E+000, 6.4281671E-003
 3.9120334E+002, 2.7177991E+001,-2.5025080E-002,-1.1424874E+000, 2.6742484E-001, 5.6918463E-004, 0.0000000E+000,-2.4781295E+001, 1.4948115E+000, 1.4971779E+000, 0.0000000E+000, 1.2699247E-003, 0.0000000E+000, 6.0152842E-003
 3.9180304E+002, 2.6192664E+001, 9.1284124E-003,-1.0218596E+000, 2.3384726E-001, 5.3384423E-004, 0.0000000E+000,-2.4891896E+001, 1.3650055E-002, 5.2241761E-001, 0.0000000E+000, 1.2699247E-003, 0.0000000E+000, 6.2522536E-003
 3.9240063E+002, 2.6365149E+001,-4.7805527E-003,-9.9085475E-001, 3.1774914E-001, 5.3359299E-004, 0.0000000E+000,-2.5497680E+001,-1.4311268E-001, 1.9011633E-001, 0.0000000E+000, 1.2699247E-003, 0.0000000E+000, 6.2040664E-003
 3.9300269E+002, 2.7230680E+001,-1.3767072E-001,-9.8784678E-001, 2.4922554E-001, 5.4642825E-004, 0.0000000E+000,-2.5259692E+001, 7.5004548E-001, 1.0952428E+000, 0.0000000E+000, 1.2699247E-003, 0.0000000E+000, 6.1333482E-003
 3.9360059E+002, 2.6786809E+001,-2.6635098E-002,-7.7435540E-001, 2.3439224E-001, 5.7235894E-004, 0.0000000E+000,-2.6044847E+001, 3.4145503E-002, 1.7593606E-001, 0.0000000E+000, 1.2699247E-003, 0.0000000E+000, 6.5755456E-003
 3.9420169E+002, 2.6417095E+001,-3.2913326E-002,-9.9209719E-001, 2.3619323E-001, 5.6696024E-004, 0.0000000E+000,-2.4958832E+001, 5.6327786E-001, 6.7001305E-001, 0.0000000E+000, 1.2699247E-003, 0.0000000E+000, 6.3762040E-003
 3.9480090E+002, 2.6755704E+001,-4.3270582E-002,-9.8361997E-001, 2.2337969E-001, 5.5522771E-004, 0.0000000E+000,-2.5361642E+001, 3.0040702E-001, 5.9110639E-001, 0.0000000E+000, 1.2699247E-003, 0.0000000E+000, 6.4315825E-003
 3.9540152E+002, 2.6719082E+001,-8.5333299E-002,-1.0042547E+000, 2.4468876E-001, 5.6768706E-004, 0.0000000E+000,-2.4258369E+001, 1.3778417E+000, 1.6163813E+000, 0.0000000E+000, 1.2699247E-003, 0.0000000E+000, 5.9826657E-003
 3.9600101E+002, 2.5841133E+001,-8.7510497E-002,-9.3225825E-001, 2.8557102E-001, 5.5241163E-004, 0.0000000E+000,-2.4492982E+001, 3.2796610E-001, 6.1450574E-001, 0.0000000E+000, 1.2699247E-003, 0.0000000E+000, 6.0772460E-003
 3.9660034E+002, 2.8081274E+001,-1.5198412E-001,-9.6604659E-001, 1.9398498E-001, 5.9211421E-004, 0.0000000E+000,-2.4145653E+001, 2.6943698E+000, 3.0121671E+000, 0.0000000E+000, 1.2699247E-003, 0.0000000E+000, 5.8465612E-003
 3.9720187E+002, 2.6432164E+001,-9.1062867E-002,-9.3961676E-001, 2.7320284E-001, 5.8645141E-004, 0.0000000E+000,-2.4949037E+001, 5.2221212E-001, 7.2623711E-001, 0.0000000E+000, 1.2699247E-003, 0.0000000E+000, 6.0504087E-003
 3.9780103E+002, 2.6130665E+001,-2.0284448E-001,-9.0582445E-001, 3.2599694E-001, 5.7761200E-004, 0.0000000E+000,-2.6451376E+001,-1.1965347E+000,-1.1028055E+000, 0.0000000E+000, 1.2699247E-003, 0.0000000E+000, 6.7579238E-003
 3.9840118E+002, 2.6691464E+001,-5.8238495E-002,-9.4711629E-001, 2.5375047E-001, 5.6999585E-004, 0.0000000E+000,-2.5138641E+001, 4.1646437E-001, 8.0178812E-001, 0.0000000E+000, 1.2699247E-003, 0.0000000E+000, 6.1872097E-003
 3.9900064E+002, 2.6635413E+001,-1.5933785E-002,-9.8157099E-001, 2.1644267E-001, 5.5295840E-004, 0.0000000E+000,-2.3521163E+001, 2.2559236E+000, 2.3337415E+000, 0.0000000E+000, 1.2699247E-003, 0.0000000E+000, 5.7104984E-003
 3.9960120E+002, 2.6264919E+001,-3.9879459E-002,-8.0320920E-001, 2.2672713E-001, 5.3946179E-004, 0.0000000E+000,-2.6777238E+001,-8.9670617E-001,-1.1281411E+000, 0.0000000E+000, 1.2699247E-003, 0.0000000E+000, 6.9025364E-003
 4.0020306E+002, 2.7016099E+001,-1.4635134E-001,-7.3378151E-001, 2.1509276E-001, 5.6268948E-004, 0.0000000E+000,-2.6624936E+001,-5.1516179E-001,-2.7331397E-001, 0.0000000E+000, 1.2699247E-003, 0.0000000E+000, 6.8635775E-003
 4.0080124E+002, 2.6752139E+001,-7.5886215E-002,-8.1353270E-001, 2.0036039E-001, 5.7612579E-004, 0.0000000E+000,-2.5197719E+001, 8.6735692E-001, 8.6593753E-001, 0.0000000E+000, 1.2699247E-003, 0.0000000E+000, 6.2501027E-003
 4.0140076E+002, 2.6136467E+001, 1.2377793E-002,-7.3766016E-001, 1.9679914E-001, 5.3616403E-004, 0.0000000E+000,-2.6151380E+001,-7.0644515E-001,-5.4286042E-001, 0.0000000E+000, 1.2699247E-003, 0.0000000E+000, 6.5884559E-003
 4.0200015E+002, 2.6721637E+001,-8.5550511E-002,-7.6334384E-001, 1.1573358E-001, 5.4124472E-004, 0.0000000E+000,-2.5023517E+001, 7.8201469E-001, 9.6550009E-001, 0.0000000E+000, 1.2699247E-003, 0.0000000E+000, 6.2225096E-003
 4.0260254E+002, 2.6335923E+001,-3.0522466E-002,-8.6526415E-001, 1.5742723E-001, 5.4747179E-004, 0.0000000E+000,-2.5834186E+001,-2.6425053E-001,-2.3607448E-001, 0.0000000E+000, 1.2699247E-003, 0.0000000E+000, 6.5594057E-003
 4.0320023E+002, 2.6430569E+001,-2.2352145E-002,-8.3772219E-001, 1.9315577E-001, 5.2835820E-004, 0.0000000E+000,-2.6733397E+001,-1.1934647E+000,-9.6921836E-001, 0.0000000E+000, 1.2699247E-003, 0.0000000E+000, 6.9041491E-003
 4.0380103E+002, 2.7273369E+001,-6.3585265E-002,-8.1491484E-001, 1.6366396E-001, 5.5568942E-004, 0.0000000E+000,-2.5942443E+001, 6.1425700E-001, 6.1664532E-001, 0.0000000E+000, 1.2699247E-003, 0.0000000E+000, 6.5768353E-003
 4.0440109E+002, 2.7509443E+001,-9.1042918E-002,-8.7390781E-001, 1.6833332E-001, 5.3726904E-004, 0.0000000E+000,-2.7595021E+001,-9.4666205E-001,-8.8165818E-001, 0.0000000E+000, 1.2699247E-003, 0.0000000E+000, 7.1484621E-003
 4.0500208E+002, 2.6424295E+001,-7.3950261E-002,-8.0143324E-001, 1.2138661E-001, 5.5832899E-004, 0.0000000E+000,-2.7402342E+001,-1.8088362E+000,-1.7314857E+000, 0.0000000E+000, 1.2699247E-003, 0.0000000E+000, 7.0898340E-003
 4.0560086E+002, 2.6184391E+001,-1.7153490E-001,-7.8498486E-001, 1.2857155E-001, 5.6355634E-004, 0.0000000E+000,-2.4755104E+001, 5.3813605E-001, 6.0190218E-001, 0.0000000E+000, 1.2699247E-003, 0.0000000E+000, 6.1186908E-003
 4.0620120E+002, 2.6222558E+001,-2.5717430E-002,-8.7864945E-001, 1.6474459E-001, 5.4522805E-004, 0.0000000E+000,-2.6839339E+001,-1.5732215E+000,-1.3558586E+000, 0.0000000E+000, 1.2699247E-003, 0.0000000E+000, 6.7802482E-003
 4.0680313E+002, 2.6713419E+001,-2.7461310E-002,-9.7979224E-001, 1.2191697E-001, 5.4749348E-004, 0.0000000E+000,-2.6002318E+001,-2.3021312E-001,-1.7368828E-001, 0.0000000E+000, 1.2699247E-003, 0.0000000E+000, 6.6077767E-003
 4.0740109E+002, 2.6555532E+001,-5.4611299E-002,-9.2228911E-001, 6.1546202E-002, 5.5266672E-004, 0.0000000E+000,-2.4795565E+001, 8.5739854E-001, 8.4516552E-001, 0.0000000E+000, 1.2699247E-003, 0.0000000E+000, 6.3270817E-003
 4.0800140E+002, 2.7506850E+001,-6.1467643E-002,-8.9091238E-001, 6.6315148E-002, 5.4497913E-004, 0.0000000E+000,-2.5238390E+001, 1.2887749E+000, 1.3829409E+000, 0.0000000E+000, 1.2699247E-003, 0.0000000E+000, 6.1077830E-003
 4.0860382E+002, 2.6815496E+001,-1.4453158E-001,-8.2510792E-001, 4.4846643E-002, 5.7892787E-004, 0.0000000E+000,-2.6469977E+001,-6.3781193E-001,-5.7869525E-001, 0.0000000E+000, 1.2699247E-003, 0.0000000E+000, 6.6925093E-003
 4.0920081E+002, 2.6006757E+001,-5.1376031E-002,-7.5904138E-001, 1.0117963E-001, 5.7314128E-004, 0.0000000E+000,-2.5513327E+001,-2.3871505E-001,-2.1523462E-001, 0.0000000E+000, 1.2699247E-003, 0.0000000E+000, 6.4525802E-003
 4.0980298E+002, 2.6826449E+001,-1.5828223E-001,-7.9695810E-001, 1.0818102E-001, 5.5599255E-004, 0.0000000E+000,-2.5815451E+001, 6.5999640E-002, 1.6449554E-001, 0.0000000E+000, 1.2699247E-003, 0.0000000E+000, 6.6153175E-003
 4.1040271E+002, 2.6471136E+001,-1.8595382E-001,-8.2259166E-001, 2.1855084E-001, 5.4644085E-004, 0.0000000E+000,-2.4076490E+001, 1.4106531E+000, 1.6051981E+000, 0.0000000E+000, 1.2699247E-003, 0.0000000E+000, 5.9636059E-003
 4.1100186E+002, 2.6442771E+001,-1.0492789E-001,-8.4738805E-001, 2.0132340E-001, 5.5005500E-004, 0.0000000E+000,-2.6113883E+001,-5.5678553E-001,-4.2155454E-001, 0.0000000E+000, 1.2699247E-003, 0.0000000E+000, 6.7345483E-003
 4.1160120E+002, 2.6749111E+001,-9.0024838E-002,-8.2908241E-001, 1.8929840E-001, 5.5227837E-004, 0.0000000E+000,-2.4951324E+001, 9.2466714E-001, 1.0685312E+000, 0.0000000E+000, 1.2699247E-003, 0.0000000E+000, 6.1595720E-003
 4.1220090E+002, 2.7517958E+001,-1.9077857E-001,-8.0846686E-001, 1.4400484E-001, 5.5364427E-004, 0.0000000E+000,-2.6003765E+001, 5.4028482E-001, 6.5950634E-001, 0.0000000E+000, 1.2699247E-003, 0.0000000E+000, 6.5990925E-003
 4.1280029E+002, 2.6457035E+001,-2.0575406E-001,-8.3490127E-001, 1.0335080E-001, 5.4906858E-004, 0.0000000E+000,-2.4337885E+001, 8.7410115E-001, 1.1823945E+000, 0.0000000E+000, 1.2699247E-003, 0.0000000E+000, 6.0190946E-003
 4.1340121E+002, 2.6406942E+001,-1.3023317E-001,-9.3768551E-001, 1.9510200E-001, 5.7186071E-004, 0.0000000E+000,-2.4875838E+001, 4.5654815E-001, 6.5885889E-001, 0.0000000E+000, 1.2699247E-003, 0.0000000E+000, 6.1546048E-003
 4.1400296E+002, 2.6576206E+001,-2.8471584E-001,-1.0663934E+000, 2.3741596E-001, 5.8682198E-004, 0.0000000E+000,-2.4503883E+001, 8.5562536E-001, 9.5921700E-001, 0.0000000E+000, 1.2699247E-003, 0.0000000E+000, 6.1924349E-003
 4.1460052E+002, 2.7014660E+001,-1.9766476E-001,-1.0330700E+000, 2.3227426E-001, 5.7053859E-004, 0.0000000E+000,-2.6250212E+001,-3.0492348E-001,-2.3344200E-001, 0.0000000E+000, 1.2699247E-003, 0.0000000E+000, 6.5813976E-003
 4.1520105E+002, 2.6142631E+001,-8.1742732E-002,-9.8262767E-001, 2.2483511E-001, 5.4958423E-004, 0.0000000E+000,-2.5541184E+001,-4.0432840E-001,-2.3753956E-001, 0.0000000E+000, 1.2699247E-003, 0.0000000E+000, 6.1985912E-003
 4.1580133E+002, 2.6023852E+001,-2.6813040E-002,-9.2247129E-001, 1.8917843E-001, 5.4439092E-004, 0.0000000E+000,-2.5890685E+001,-7.3550927E-001,-6.2639438E-001, 0.0000000E+000, 1.2699247E-003, 0.0000000E+000, 6.3867437E-003
 4.1640308E+002, 2.6575351E+001,-1.7709617E-001,-8.5584298E-001, 1.9345005E-001, 5.2396858E-004, 0.0000000E+000,-2.7341269E+001,-1.6178635E+000,-1.6048827E+000, 0.0000000E+000, 1.2699247E-003, 0.0000000E+000, 7.0905191E-003
 4.1700226E+002, 2.6765284E+001,-1.1831622E-001,-8.9866503E-001, 1.0292485E-001, 5.2755530E-004, 0.0000000E+000,-2.5811094E+001,-1.3328320E-001, 4.0660910E-002, 0.0000000E+000, 1.2699247E-003, 0.0000000E+000, 6.5411612E-003
 4.1760175E+002, 2.6283696E+001,-1.2149323E-001,-8.9008445E-001, 5.8569756E-002, 5.4335227E-004, 0.0000000E+000,-2.4757145E+001, 4.1641801E-002, 5.7408703E-001, 0.0000000E+000, 1.2699247E-003, 0.0000000E+000, 6.1004561E-003
 4.1820029E+002, 2.6747569E+001,-1.6893884E-001,-8.5909719E-001, 1.6219494E-001, 5.3355313E-004, 0.0000000E+000,-2.5304606E+001,-1.1362391E-001, 5.7765517E-001, 0.0000000E+000, 1.2699247E-003, 0.0000000E+000, 6.2616951E-003
 4.1880194E+002, 2.6398583E+001,-6.5788275E-002,-7.5761026E-001, 1.7951100E-001, 5.2262287E-004, 0.0000000E+000,-2.6243784E+001,-7.6799736E-001,-4.8856566E-001, 0.0000000E+000, 1.2699247E-003, 0.0000000E+000, 6.7144263E-003
 4.1940094E+002, 2.7406689E+001,-1.5006479E-001,-8.5385318E-001, 8.4152065E-002, 5.4440414E-004, 0.0000000E+000,-2.4442080E+001, 1.7051984E+000, 2.0453876E+000, 0.0000000E+000, 1.2699247E-003, 0.0000000E+000, 5.9533347E-003
 4.2000314E+002, 2.5560695E+001,-1.9416995E-002,-7.7719856E-001, 8.2695397E-002, 5.1583392E-004, 0.0000000E+000,-2.5807879E+001,-1.2259147E+000,-9.6058801E-001, 0.0000000E+000, 1.2699247E-003, 0.0000000E+000, 6.3720705E-003
 4.2060114E+002, 2.7579681E+001,-1.9364781E-001,-8.3487458E-001, 8.5727416E-002, 5.6228856E-004, 0.0000000E+000,-2.4852808E+001, 1.6503670E+000, 1.7846400E+000, 0.0000000E+000, 1.2699247E-003, 0.0000000E+000, 6.0332751E-003
 4.2120172E+002, 2.6451034E+001,-1.6335228E-001,-7.2013953E-001, 1.5205038E-001, 5.4726554E-004, 0.0000000E+000,-2.7152349E+001,-1.5993334E+000,-1.4322087E+000, 0.0000000E+000, 1.2699247E-003, 0.0000000E+000, 6.9783492E-003
 4.2180240E+002, 2.6551046E+001,-1.0975442E-001,-7.2638015E-001, 1.5964288E-001, 5.4771654E-004, 0.0000000E+000,-2.5547667E+001, 1.6056183E-001, 3.2743461E-001, 0.0000000E+000, 1.2699247E-003, 0.0000000E+000, 6.5651296E-003
 4.2240244E+002, 2.6996763E+001,-2.2125870E-001,-7.4233316E-001, 9.8311263E-002, 5.5543775E-004, 0.0000000E+000,-2.5483683E+001, 5.2452748E-001, 6.4835480E-001, 0.0000000E+000, 1.2699247E-003, 0.0000000E+000, 6.3860235E-003
 4.2300192E+002, 2.6345360E+001,-4.7599780E-002,-7.4820065E-001, 9.0000302E-002, 5.3688060E-004, 0.0000000E+000,-2.5296018E+001, 2.2588400E-001, 3.4407884E-001, 0.0000000E+000, 1.2699247E-003, 0.0000000E+000, 6.2597382E-003
 4.2360236E+002, 2.6923351E+001,-1.4439281E-001,-8.9551851E-001, 5.0039663E-002, 5.4228729E-004, 0.0000000E+000,-2.4098396E+001, 1.6728863E+000, 1.8356254E+000, 0.0000000E+000, 1.2699247E-003, 0.0000000E+000, 5.9936186E-003
 4.2420120E+002, 2.7052994E+001,-1.5000905E-001,-7.8811692E-001, 4.8250235E-002, 5.5743231E-004, 0.0000000E+000,-2.6044423E+001, 9.6235946E-002, 1.1925251E-001, 0.0000000E+000, 1.2699247E-003, 0.0000000E+000, 6.5164124E-003
 4.2480078E+002, 2.6043372E+001,-1.7853046E-001,-7.3906997E-001, 1.1949169E-001, 5.6307965E-004, 0.0000000E+000,-2.5243034E+001,-1.2750138E-001, 2.7927146E-003, 0.0000000E+000, 1.2699247E-003, 0.0000000E+000, 6.4382527E-003
 4.2540118E+002, 2.6665330E+001,-2.3057359E-001,-8.1522496E-001, 7.0196049E-002, 5.5047864E-004, 0.0000000E+000,-2.4406880E+001, 9.7678214E-001, 1.2833979E+000, 0.0000000E+000, 1.2699247E-003, 0.0000000E+000, 5.8759878E-003
 4.2600165E+002, 2.6372067E+001,-1.5203264E-001,-9.1847791E-001, 1.2802339E-001, 5.4602489E-004, 0.0000000E+000,-2.4841936E+001, 2.4852214E-001, 5.8818951E-001, 0.0000000E+000, 1.2699247E-003, 0.0000000E+000, 6.1418492E-003
 4.2660327E+002, 2.7091508E+001,-3.0492554E-001,-9.6202777E-001, 1.1871466E-001, 5.4622335E-004, 0.0000000E+000,-2.5458736E+001, 4.1349084E-001, 4.8507927E-001, 0.0000000E+000, 1.2699247E-003, 0.0000000E+000, 6.4431952E-003
 4.2720132E+002, 2.7030591E+001,-2.9731554E-001,-9.6836465E-001, 1.4872687E-001, 5.7029655E-004, 0.0000000E+000,-2.5653017E+001, 1.5584097E-001, 2.6119002E-001, 0.0000000E+000, 1.2699247E-003, 0.0000000E+000, 6.5079147E-003
 4.2780206E+002, 2.5832689E+001,-2.8944703E-001,-9.7148464E-001, 1.0211529E-001, 5.6431801E-004, 0.0000000E+000,-2.4748063E+001,-3.9057855E-001,-7.3626266E-002, 0.0000000E+000, 1.2699247E-003, 0.0000000E+000, 6.2671021E-003
 4.2840323E+002, 2.7016982E+001,-2.4915576E-001,-9.6743128E-001, 5.9504877E-002, 5.5473237E-004, 0.0000000E+000,-2.5601364E+001, 3.7516459E-002, 2.5909020E-001, 0.0000000E+000, 1.2699247E-003, 0.0000000E+000, 6.3907900E-003
 4.2900314E+002, 2.5556873E+001,-1.1907429E-001,-8.7438236E-001, 9.3921775E-002, 5.2226863E-004, 0.0000000E+000,-2.5643844E+001,-1.1687667E+000,-9.8598384E-001, 0.0000000E+000, 1.2699247E-003, 0.0000000E+000, 6.4299898E-003
 4.2960022E+002, 2.8157494E+001,-3.7456202E-001,-9.3503203E-001, 3.9655416E-002, 5.5548601E-004, 0.0000000E+000,-2.4241547E+001, 2.5937457E+000, 2.6465642E+000, 0.0000000E+000, 1.2699247E-003, 0.0000000E+000, 5.9765240E-003
 4.3020056E+002, 2.6723813E+001,-2.3404220E-001,-8.7796418E-001, 8.9337124E-002, 5.5844644E-004, 0.0000000E+000,-2.3703616E+001, 1.7352324E+000, 1.9980868E+000, 0.0000000E+000, 1.2699247E-003, 0.0000000E+000, 5.6609617E-003
 4.3080325E+002, 2.6513677E+001,-2.5798074E-001,-9.2491808E-001, 6.9670527E-002, 5.7409068E-004, 0.0000000E+000,-2.6430799E+001,-1.1438603E+000,-1.0297767E+000, 0.0000000E+000, 1.2699247E-003, 0.0000000E+000, 6.7531062E-003
 4.3140091E+002, 2.6031121E+001,-2.8068719E-001,-9.8828216E-001, 8.1491351E-003, 5.6119106E-004, 0.0000000E+000,-2.3731564E+001, 7.3302776E-001, 1.0392980E+000, 0.0000000E+000, 1.2699247E-003, 0.0000000E+000, 5.7963616E-003
 4.3200250E+002, 2.6915330E+001,-2.9046338E-001,-8.8329225E-001, 1.9153015E-002, 5.4596523E-004, 0.0000000E+000,-2.4601641E+001, 1.2817136E+000, 1.1596327E+000, 0.0000000E+000, 1.2699247E-003, 0.0000000E+000, 5.8723870E-003
 4.3260046E+002, 2.7093758E+001,-1.4895377E-001,-9.0172355E-001,-3.8315532E-002, 5.6091206E-004, 0.0000000E+000,-2.5296698E+001, 4.8148062E-001, 7.0862864E-001, 0.0000000E+000, 1.2699247E-003, 0.0000000E+000, 6.0088531E-003
 4.3320020E+002, 2.5697445E+001,-1.7499294E-001,-8.8334283E-001,-4.2010456E-002, 5.2042641E-004, 0.0000000E+000,-2.4804536E+001,-5.5989096E-001,-2.0691680E-001, 0.0000000E+000, 1.2699247E-003, 0.0000000E+000, 5.9564978E-003
 4.3380286E+002, 2.7772234E+001,-1.9915040E-001,-9.0651625E-001,-1.9778652E-002, 5.5632444E-004, 0.0000000E+000,-2.6547433E+001,-1.2356390E-001, 9.9911946E-002, 0.0000000E+000, 1.2699247E-003, 0.0000000E+000, 6.6685594E-003
 4.3440277E+002, 2.5705511E+001,-2.4338173E-001,-8.7175674E-001, 8.3813590E-002, 5.4047524E-004, 0.0000000E+000,-2.5118382E+001,-5.6504714E-001,-4.4365567E-001, 0.0000000E+000, 1.2699247E-003, 0.0000000E+000, 6.3754270E-003
 4.3500128E+002, 2.6056335E+001,-1.1424655E-001,-8.1214016E-001, 3.4307670E-002, 4.9768312E-004, 0.0000000E+000,-2.6210907E+001,-1.2388980E+000,-1.0461528E+000, 0.0000000E+000, 1.2699247E-003, 0.0000000E+000, 6.6537308E-003
 4.3560153E+002, 2.6053989E+001,-4.6609892E-002,-5.8392908E-001,-6.9336485E-003, 4.8742366E-004, 0.0000000E+000,-2.5967180E+001,-7.5540549E-001,-5.5017575E-001, 0.0000000E+000, 1.2699247E-003, 0.0000000E+000, 6.6908683E-003
 4.3620166E+002, 2.8217417E+001,-3.2099856E-001,-7.4243647E-001,-6.4132912E-002, 5.4009979E-004, 0.0000000E+000,-2.3630157E+001, 3.3434669E+000, 3.4602325E+000, 0.0000000E+000, 1.2699247E-003, 0.0000000E+000, 5.5304737E-003
 4.3680331E+002, 2.7451035E+001,-3.4914156E-001,-8.2518476E-001, 1.8863538E-002, 5.6923136E-004, 0.0000000E+000,-2.6841385E+001,-5.2895668E-001,-5.4524341E-001, 0.0000000E+000, 1.2699247E-003, 0.0000000E+000, 6.8605655E-003
 4.3740292E+002, 2.5908827E+001,-2.5992494E-001,-8.3826181E-001, 1.2699543E-001, 5.6500602E-004, 0.0000000E+000,-2.6152786E+001,-1.3323643E+000,-1.2145855E+000, 0.0000000E+000, 1.2699247E-003, 0.0000000E+000, 6.6764292E-003
 4.3800238E+002, 2.6336323E+001,-2.9041759E-001,-7.2971708E-001, 6.9505358E-002, 5.6373658E-004, 0.0000000E+000,-2.5695984E+001,-6.2146358E-001,-3.0972647E-001, 0.0000000E+000, 1.2699247E-003, 0.0000000E+000, 6.5873010E-003
 4.3860165E+002, 2.6043188E+001,-2.8052094E-001,-8.6944318E-001,-3.1780894E-002, 5.3840781E-004, 0.0000000E+000,-2.4378055E+001, 3.8462103E-001, 4.8392634E-001, 0.0000000E+000, 1.2699247E-003, 0.0000000E+000, 6.0624188E-003
 4.3920181E+002, 2.6748420E+001,-1.6330924E-001,-8.9188344E-001, 2.5038605E-002, 5.2606381E-004, 0.0000000E+000,-2.5647483E+001,-2.8543355E-001, 7.1308113E-002, 0.0000000E+000, 1.2699247E-003, 0.0000000E+000, 6.4561638E-003
 4.3980148E+002, 2.7158054E+001,-3.3585604E-001,-8.9116958E-001,-1.1228022E-002, 5.3439633E-004, 0.0000000E+000,-2.4894537E+001, 8.5432054E-001, 1.0257982E+000, 0.0000000E+000, 1.2699247E-003, 0.0000000E+000, 6.2040036E-003
 4.4040057E+002, 2.7098947E+001,-2.6140893E-001,-8.5986197E-001,-2.0494195E-002, 5.5168854E-004, 0.0000000E+000,-2.5043948E+001, 7.9468309E-001, 9.1378518E-001, 0.0000000E+000, 1.2699247E-003, 0.0000000E+000, 6.0808132E-003
 4.4100137E+002, 2.6633165E+001,-2.8988022E-001,-7.3358446E-001,-4.8310157E-002, 5.6499981E-004, 0.0000000E+000,-2.4596302E+001, 8.6800118E-001, 9.6565264E-001, 0.0000000E+000, 1.2699247E-003, 0.0000000E+000, 5.9975280E-003
 4.4160095E+002, 2.5985592E+001,-2.3446052E-001,-6.8290175E-001,-6.5934768E-002, 5.5269925E-004, 0.0000000E+000,-2.5684474E+001,-9.0143609E-001,-6.8162634E-001, 0.0000000E+000, 1.2699247E-003, 0.0000000E+000, 6.4091721E-003
 4.4220093E+002, 2.7879084E+001,-4.0535040E-001,-8.6304181E-001,-1.5602591E-001, 5.7148493E-004, 0.0000000E+000,-2.3735979E+001, 2.6332660E+000, 2.7192585E+000, 0.0000000E+000, 1.2699247E-003, 0.0000000E+000, 5.6293676E-003
 4.4280188E+002, 2.6422058E+001,-2.6480344E-001,-9.1225950E-001,-8.0404869E-002, 6.0341267E-004, 0.0000000E+000,-2.6422282E+001,-1.4156803E+000,-1.2570885E+000, 0.0000000E+000, 1.2699247E-003, 0.0000000E+000, 6.4362267E-003
 4.4340192E+002, 2.6479082E+001,-2.6701119E-001,-1.0271430E+000, 4.2559420E-002, 5.8293096E-004, 0.0000000E+000,-2.4560469E+001, 4.8236800E-001, 6.6760159E-001, 0.0000000E+000, 1.2699247E-003, 0.0000000E+000, 5.8465624E-003
 4.4400128E+002, 2.6083096E+001,-2.5404570E-001,-9.0573502E-001, 1.0326470E-002, 5.5059107E-004, 0.0000000E+000,-2.5859081E+001,-1.0645882E+000,-9.2488805E-001, 0.0000000E+000, 1.2699247E-003, 0.0000000E+000, 6.4697293E-003
 4.4460324E+002, 2.6890570E+001,-3.0452684E-001,-8.5757834E-001,-5.6206888E-002, 5.5437488E-004, 0.0000000E+000,-2.6228057E+001,-1.0098333E+000,-5.5524476E-001, 0.0000000E+000, 1.2699247E-003, 0.0000000E+000, 6.4948000E-003
 4.4520035E+002, 2.6280855E+001,-2.3206637E-001,-7.4577343E-001,-2.0128941E-002, 5.5705093E-004, 0.0000000E+000,-2.5386919E+001,-3.5268990E-001,-1.0347595E-001, 0.0000000E+000, 1.2699247E-003, 0.0000000E+000, 6.1931134E-003
 4.4580011E+002, 2.6770009E+001,-2.4542339E-001,-6.6553254E-001, 2.7499701E-002, 5.5176504E-004, 0.0000000E+000,-2.6260286E+001,-5.5330849E-001,-3.7318059E-001, 0.0000000E+000, 1.2699247E-003, 0.0000000E+000, 6.5620328E-003
 4.4640161E+002, 2.6478845E+001,-2.2743019E-001,-6.5118918E-001,-4.5980696E-003, 5.4578135E-004, 0.0000000E+000,-2.6071213E+001,-5.4698035E-001,-4.7503919E-001, 0.0000000E+000, 1.2699247E-003, 0.0000000E+000, 6.5174523E-003
 4.4700024E+002, 2.6868559E+001,-4.2517471E-001,-9.6754460E-001,-1.1721291E-001, 5.3094313E-004, 0.0000000E+000,-2.3914852E+001, 1.2609157E+000, 1.4443062E+000, 0.0000000E+000, 1.2699247E-003, 0.0000000E+000, 5.6654974E-003
 4.4760068E+002, 2.6347546E+001,-8.2430010E-002,-7.1541224E-001,-1.7985728E-001, 5.6431629E-004, 0.0000000E+000,-2.6955298E+001,-1.7391806E+000,-1.5848878E+000, 0.0000000E+000, 1.2699247E-003, 0.0000000E+000, 6.9005684E-003
 4.4820029E+002, 2.6868956E+001,-3.2022671E-001,-7.9073558E-001,-9.0226995E-002, 5.6468637E-004, 0.0000000E+000,-2.5902966E+001,-3.8746089E-001,-2.3463486E-001, 0.0000000E+000, 1.2699247E-003, 0.0000000E+000, 6.5343244E-003
 4.4880154E+002, 2.6543643E+001,-3.3754713E-001,-7.7557205E-001, 5.4481523E-002, 5.4496899E-004, 0.0000000E+000,-2.6502455E+001,-1.2747967E+000,-1.0169045E+000, 0.0000000E+000, 1.2699247E-003, 0.0000000E+000, 6.8481439E-003
 4.4940332E+002, 2.6671347E+001,-2.6370362E-001,-7.8755171E-001,-8.8815904E-003, 5.2571901E-004, 0.0000000E+000,-2.4546865E+001, 8.9856569E-001, 1.0648709E+000, 0.0000000E+000, 1.2699247E-003, 0.0000000E+000, 6.0240665E-003
 4.5000250E+002, 2.6868069E+001,-3.1493992E-001,-7.9799220E-001, 9.2314354E-004, 5.3129792E-004, 0.0000000E+000,-2.5262351E+001, 4.3729067E-001, 4.9423971E-001, 0.0000000E+000, 1.2699247E-003, 0.0000000E+000, 6.3814314E-003
 4.5060046E+002, 2.5518584E+001,-5.3699222E-002,-7.5108413E-001, 1.9227345E-002, 5.1500501E-004, 0.0000000E+000,-2.7641027E+001,-2.8536665E+000,-2.9074840E+000, 0.0000000E+000, 1.2699247E-003, 0.0000000E+000, 7.1550934E-003
 4.5120166E+002, 2.7565100E+001,-3.3443639E-001,-8.1722995E-001,-3.9715919E-002, 5.5429681E-004, 0.0000000E+000,-2.4835088E+001, 1.5020401E+000, 1.5391838E+000, 0.0000000E+000, 1.2699247E-003, 0.0000000E+000, 6.3064885E-003
 4.5180219E+002, 2.6108328E+001,-1.7111128E-001,-6.2184598E-001,-1.8190464E-002, 5.3729898E-004, 0.0000000E+000,-2.6036316E+001,-9.1412583E-001,-7.3859849E-001, 0.0000000E+000, 1.2699247E-003, 0.0000000E+000, 6.4236518E-003
 4.5240289E+002, 2.7160797E+001,-2.9436286E-001,-6.7744982E-001,-1.2418668E-001, 5.3511630E-004, 0.0000000E+000,-2.4711676E+001, 1.0833583E+000, 1.3536562E+000, 0.0000000E+000, 1.2699247E-003, 0.0000000E+000, 6.0803962E-003
 4.5300085E+002, 2.7193153E+001,-2.3350791E-001,-7.5825720E-001,-1.3394824E-001, 5.6238811E-004, 0.0000000E+000,-2.5883789E+001,-1.2986690E-001, 1.8421341E-001, 0.0000000E+000, 1.2699247E-003, 0.0000000E+000, 6.4519226E-003
 4.5360254E+002, 2.6892910E+001,-3.3760212E-001,-7.7831320E-001,-1.3974356E-001, 5.7992762E-004, 0.0000000E+000,-2.3937677E+001, 1.4625768E+000, 1.7001541E+000, 0.0000000E+000, 1.2699247E-003, 0.0000000E+000, 5.8101375E-003
 4.5420255E+002, 2.5823548E+001,-3.4110010E-001,-6.8639910E-001,-5.5569694E-002, 5.7536771E-004, 0.0000000E+000,-2.4836016E+001,-1.1160366E-001,-9.4961203E-002, 0.0000000E+000, 1.2699247E-003, 0.0000000E+000, 6.1555260E-003
 4.5480057E+002, 2.5827259E+001,-2.3735683E-001,-5.9748847E-001,-8.1513145E-002, 5.3784694E-004, 0.0000000E+000,-2.5804055E+001,-1.0482437E+000,-8.9261687E-001, 0.0000000E+000, 1.2699247E-003, 0.0000000E+000, 6.4821303E-003
 4.5540009E+002, 2.6809696E+001,-2.5892077E-001,-6.5813234E-001,-5.5440190E-002, 5.3977475E-004, 0.0000000E+000,-2.4570668E+001, 1.0875220E+000, 1.2670737E+000, 0.0000000E+000, 1.2699247E-003, 0.0000000E+000, 6.0184269E-003
 4.5600089E+002, 2.7087668E+001,-3.6380407E-001,-7.8783289E-001,-5.9242158E-003, 5.1893499E-004, 0.0000000E+000,-2.4979209E+001, 7.5555233E-001, 9.5141752E-001, 0.0000000E+000, 1.2699247E-003, 0.0000000E+000, 6.2185984E-003
 4.5660223E+002, 2.6490286E+001,-3.2126065E-001,-8.6923694E-001, 4.7450072E-002, 5.2384699E-004, 0.0000000E+000,-2.4815772E+001, 1.7697315E-001, 5.3199029E-001, 0.0000000E+000, 1.2699247E-003, 0.0000000E+000, 6.2323108E-003
 4.5720291E+002, 2.6905782E+001,-3.0464141E-001,-9.4139220E-001,-9.0895486E-003, 5.3221880E-004, 0.0000000E+000,-2.4801482E+001, 5.5761568E-001, 8.4970958E-001, 0.0000000E+000, 1.2699247E-003, 0.0000000E+000, 6.0308944E-003
 4.5780020E+002, 2.6616329E+001,-3.8874496E-001,-7.0557953E-001,-7.9936920E-004, 5.2139102E-004, 0.0000000E+000,-2.4991602E+001, 5.6663938E-001, 5.3012480E-001, 0.0000000E+000, 1.2699247E-003, 0.0000000E+000, 6.0395101E-003
 4.5840253E+002, 2.7365731E+001,-3.8693091E-001,-7.6442458E-001,-1.2074930E-002, 5.6513300E-004, 0.0000000E+000,-2.4986136E+001, 1.2835065E+000, 1.2167298E+000, 0.0000000E+000, 1.2699247E-003, 0.0000000E+000, 6.2823783E-003
 4.5900220E+002, 2.6750302E+001,-3.6739601E-001,-8.5524453E-001,-6.9740173E-002, 5.6854028E-004, 0.0000000E+000,-2.5183630E+001, 1.3282672E-002, 2.7485968E-001, 0.0000000E+000, 1.2699247E-003, 0.0000000E+000, 6.0700056E-003
 4.5960129E+002, 2.6823590E+001,-4.1657071E-001,-8.2538899E-001,-1.3985083E-001, 5.8499457E-004, 0.0000000E+000,-2.4221359E+001, 1.2645721E+000, 1.2210060E+000, 0.0000000E+000, 1.2699247E-003, 0.0000000E+000, 5.6948602E-003
 4.6020233E+002, 2.6642335E+001,-4.2320346E-001,-8.4002024E-001,-1.0975632E-001, 5.8690880E-004, 0.0000000E+000,-2.3947677E+001, 1.1098402E+000, 1.3222642E+000, 0.0000000E+000, 1.2699247E-003, 0.0000000E+000, 5.9097270E-003
 4.6080145E+002, 2.5784136E+001,-3.5205068E-001,-7.7536937E-001,-5.2959302E-002, 5.7346025E-004, 0.0000000E+000,-2.5495225E+001,-1.1724703E+000,-8.9089467E-001, 0.0000000E+000, 1.2699247E-003, 0.0000000E+000, 6.2034728E-003
 4.6140295E+002, 2.6623986E+001,-3.4797829E-001,-7.9686160E-001,-4.9740841E-002, 5.5794055E-004, 0.0000000E+000,-2.5860225E+001,-5.3529993E-001,-4.3026183E-001, 0.0000000E+000, 1.2699247E-003, 0.0000000E+000, 6.3554973E-003
 4.6200052E+002, 2.7065430E+001,-3.9830096E-001,-9.8458580E-001,-6.7041218E-002, 5.6139198E-004, 0.0000000E+000,-2.4178568E+001, 1.4638455E+000, 1.4374958E+000, 0.0000000E+000, 1.2699247E-003, 0.0000000E+000, 5.7386586E-003
 4.6260303E+002, 2.5822748E+001,-2.5458487E-001,-8.2335896E-001,-1.3183613E-001, 5.6500998E-004, 0.0000000E+000,-2.5732552E+001,-1.2700233E+000,-1.1190192E+000, 0.0000000E+000, 1.2699247E-003, 0.0000000E+000, 6.2460225E-003
 4.6320200E+002, 2.7220970E+001,-3.9750130E-001,-7.0903217E-001,-1.7615923E-001, 5.6750807E-004, 0.0000000E+000,-2.4722805E+001, 9.1599538E-001, 1.2160403E+000, 0.0000000E+000, 1.2699247E-003, 0.0000000E+000, 6.0297574E-003
 4.6380011E+002, 2.6356181E+001,-3.9167802E-001,-7.8493932E-001,-4.6050649E-002, 5.4601811E-004, 0.0000000E+000,-2.4510330E+001, 3.0246895E-001, 6.2372949E-001, 0.0000000E+000, 1.2699247E-003, 0.0000000E+000, 5.9054206E-003
 4.6440244E+002, 2.6876929E+001,-4.1501456E-001,-8.0017744E-001,-2.2261926E-002, 5.3630214E-004, 0.0000000E+000,-2.4673549E+001, 6.8345670E-001, 9.6646167E-001, 0.0000000E+000, 1.2699247E-003, 0.0000000E+000, 5.9277441E-003
 4.6500018E+002, 2.6029943E+001,-3.5066583E-001,-7.8530388E-001,-2.5186743E-002, 5.3042400E-004, 0.0000000E+000,-2.4145556E+001, 5.3415060E-001, 7.2376110E-001, 0.0000000E+000, 1.2699247E-003, 0.0000000E+000, 5.7525456E-003
 4.6560278E+002, 2.6892842E+001,-3.7513839E-001,-7.9219582E-001,-5.1389874E-002, 5.4385245E-004, 0.0000000E+000,-2.5180534E+001, 1.0603486E-001, 4.9412785E-001, 0.0000000E+000, 1.2699247E-003, 0.0000000E+000, 6.2514266E-003
 4.6620081E+002, 2.6487769E+001,-2.9272196E-001,-7.0601003E-001,-1.4199022E-001, 5.4359854E-004, 0.0000000E+000,-2.4978156E+001, 1.8080447E-001, 3.6943406E-001, 0.0000000E+000, 1.2699247E-003, 0.0000000E+000, 6.2352280E-003
 4.6680173E+002, 2.6183347E+001,-3.7010757E-001,-7.6526383E-001,-1.4685223E-001, 5.2292244E-004, 0.0000000E+000,-2.4577451E+001, 3.4775327E-001, 3.2419524E-001, 0.0000000E+000, 1.2699247E-003, 0.0000000E+000, 5.9459548E-003
 4.6740030E+002, 2.6959937E+001,-3.3519036E-001,-7.9931363E-001,-1.0805329E-001, 5.4621263E-004, 0.0000000E+000,-2.4116974E+001, 1.5420200E+000, 1.6009520E+000, 0.0000000E+000, 1.2699247E-003, 0.0000000E+000, 5.7333873E-003
 4.6800229E+002, 2.7341639E+001,-3.8211990E-001,-7.5625592E-001,-1.0172992E-002, 5.5534596E-004, 0.0000000E+000,-2.5658894E+001, 2.4820107E-001, 5.3475187E-001, 0.0000000E+000, 1.2699247E-003, 0.0000000E+000, 6.3557294E-003
 4.6860162E+002, 2.6277409E+001,-4.4950713E-001,-6.5795647E-001, 6.0871952E-003, 5.2138063E-004, 0.0000000E+000,-2.5357861E+001,-2.8079214E-001,-1.8130705E-001, 0.0000000E+000, 1.2699247E-003, 0.0000000E+000, 6.3954520E-003
 4.6920044E+002, 2.7341568E+001,-4.0062955E-001,-6.9684254E-001,-7.5072607E-002, 5.6862696E-004, 0.0000000E+000,-2.5016813E+001, 9.1510822E-001, 1.1527793E+000, 0.0000000E+000, 1.2699247E-003, 0.0000000E+000, 6.1084294E-003
 4.6980273E+002, 2.7234101E+001,-4.5886947E-001,-7.3152334E-001,-8.8418804E-002, 5.6219309E-004, 0.0000000E+000,-2.5340782E+001, 4.0609235E-001, 6.1506948E-001, 0.0000000E+000, 1.2699247E-003, 0.0000000E+000, 6.2745208E-003
 4.7040152E+002, 2.5838032E+001,-3.8929456E-001,-7.5796102E-001,-1.0340495E-001, 5.7064864E-004, 0.0000000E+000,-2.4822938E+001,-4.1473065E-001,-2.3499593E-001, 0.0000000E+000, 1.2699247E-003, 0.0000000E+000, 6.0011015E-003
 4.7100110E+002, 2.6015409E+001,-3.7783483E-001,-7.8408538E-001,-6.9888326E-002, 5.5489365E-004, 0.0000000E+000,-2.5534166E+001,-8.3895203E-001,-7.5001032E-001, 0.0000000E+000, 1.2699247E-003, 0.0000000E+000, 6.2245842E-003
 4.7160086E+002, 2.6896768E+001,-4.5324519E-001,-7.5350145E-001,-6.2268834E-002, 5.5094098E-004, 0.0000000E+000,-2.5978119E+001,-4.2158470E-001,-3.4981561E-001, 0.0000000E+000, 1.2699247E-003, 0.0000000E+000, 6.5587019E-003
 4.7220148E+002, 2.7234537E+001,-3.9282936E-001,-6.7759338E-001,-4.9207301E-002, 5.2394987E-004, 0.0000000E+000,-2.6308033E+001,-2.8925969E-001,-1.9260203E-001, 0.0000000E+000, 1.2699247E-003, 0.0000000E+000, 6.7067836E-003
 4.7280145E+002, 2.6423365E+001,-3.8735616E-001,-5.9581746E-001,-1.4733525E-001, 5.3082501E-004, 0.0000000E+000,-2.4886559E+001, 3.3216521E-001, 4.0682790E-001, 0.0000000E+000, 1.2699247E-003, 0.0000000E+000, 6.3203978E-003
 4.7340198E+002, 2.5725555E+001,-2.5509339E-001,-6.1536569E-001,-1.4775331E-001, 5.2416151E-004, 0.0000000E+000,-2.5820835E+001,-1.2088257E+000,-1.1129688E+000, 0.0000000E+000, 1.2699247E-003, 0.0000000E+000, 6.4319552E-003
 4.7400064E+002, 2.7935190E+001,-4.6167633E-001,-6.6420117E-001,-1.8618730E-001, 5.6004176E-004, 0.0000000E+000,-2.6556894E+001,-1.6291898E-001, 6.6791078E-002, 0.0000000E+000, 1.2699247E-003, 0.0000000E+000, 6.5994738E-003
 4.7460120E+002, 2.6680776E+001,-2.7866608E-001,-7.6561254E-001,-2.1421972E-001, 5.8531554E-004, 0.0000000E+000,-2.7222518E+001,-1.8426753E+000,-1.7996543E+000, 0.0000000E+000, 1.2699247E-003, 0.0000000E+000, 6.8819703E-003
 4.7520129E+002, 2.5800479E+001,-3.6208881E-001,-7.0039991E-001,-1.9563311E-001, 5.4151577E-004, 0.0000000E+000,-2.6346514E+001,-2.0741313E+000,-1.8036162E+000, 0.0000000E+000, 1.2699247E-003, 0.0000000E+000, 6.7018013E-003
 4.7580276E+002, 2.6129750E+001,-2.4697660E-001,-6.9135701E-001,-2.1677188E-001, 5.3831888E-004, 0.0000000E+000,-2.8062163E+001,-3.0029113E+000,-3.0869807E+000, 0.0000000E+000, 1.2699247E-003, 0.0000000E+000, 7.2812074E-003
 4.7640088E+002, 2.7203080E+001,-5.6464988E-001,-8.6684459E-001,-1.3307880E-001, 5.3648978E-004, 0.0000000E+000,-2.5631390E+001,-1.0757110E-001, 7.6526577E-003, 0.0000000E+000, 1.2699247E-003, 0.0000000E+000, 6.4845864E-003
 4.7700232E+002, 2.6940341E+001,-3.6951715E-001,-8.1531676E-001,-1.5202624E-001, 5.6273998E-004, 0.0000000E+000,-2.6921528E+001,-1.4849869E+000,-1.3174846E+000, 0.0000000E+000, 1.2699247E-003, 0.0000000E+000, 6.9777449E-003
 4.7760196E+002, 2.5781687E+001,-3.6225031E-001,-7.6666455E-001,-1.0524037E-001, 5.2540903E-004, 0.0000000E+000,-2.4782425E+001,-3.6900010E-001,-2.3436742E-001, 0.0000000E+000, 1.2699247E-003, 0.0000000E+000, 6.2537565E-003
 4.7820178E+002, 2.7087654E+001,-3.6574194E-001,-7.0002554E-001,-1.4923636E-001, 5.3962303E-004, 0.0000000E+000,-2.4897613E+001, 6.7863074E-001, 9.7557745E-001, 0.0000000E+000, 1.2699247E-003, 0.0000000E+000, 6.1136663E-003
 4.7880328E+002, 2.6535510E+001,-3.0826642E-001,-7.5023180E-001,-1.3238658E-001, 5.4116366E-004, 0.0000000E+000,-2.6381912E+001,-1.2372170E+000,-1.0367461E+000, 0.0000000E+000, 1.2699247E-003, 0.0000000E+000, 6.7992186E-003
 4.7940088E+002, 2.6710152E+001,-3.3019867E-001,-6.1892789E-001,-1.5919618E-001, 5.2857599E-004, 0.0000000E+000,-2.6142564E+001,-7.0481244E-001,-5.4020646E-001, 0.0000000E+000, 1.2699247E-003, 0.0000000E+000, 6.9116167E-003
 4.8000064E+002, 2.6850954E+001,-3.7997169E-001,-7.5285762E-001,-1.9970693E-001, 5.2616564E-004, 0.0000000E+000,-2.2856383E+001, 2.6443104E+000, 2.6625604E+000, 0.0000000E+000, 1.2699247E-003, 0.0000000E+000, 5.5692972E-003
 4.8060281E+002, 2.6910013E+001,-3.1212246E-001,-8.0578526E-001,-2.2674473E-001, 5.6439998E-004, 0.0000000E+000,-2.3683348E+001, 1.7661273E+000, 1.8825768E+000, 0.0000000E+000, 1.2699247E-003, 0.0000000E+000, 5.7746689E-003
 4.8120099E+002, 2.6382744E+001,-4.1961819E-001,-7.4165819E-001,-2.1706722E-001, 5.5125317E-004, 0.0000000E+000,-2.4740695E+001, 1.1518031E-001, 2.6425696E-001, 0.0000000E+000, 1.2699247E-003, 0.0000000E+000, 6.3735788E-003
 4.8180008E+002, 2.7126272E+001,-4.5411094E-001,-7.7184467E-001,-1.6563234E-001, 5.6305100E-004, 0.0000000E+000,-2.5306847E+001, 4.1031849E-001, 4.2839986E-001, 0.0000000E+000, 1.2699247E-003, 0.0000000E+000, 6.3337597E-003
 4.8240311E+002, 2.6492723E+001,-3.6252810E-001,-7.1050069E-001,-1.2440170E-001, 5.7199926E-004, 0.0000000E+000,-2.4669079E+001, 4.1219764E-001, 6.2678562E-001, 0.0000000E+000, 1.2699247E-003, 0.0000000E+000, 6.1570915E-003
 4.8300064E+002, 2.6565792E+001,-3.9185130E-001,-8.1727882E-001,-1.2361297E-001, 5.6325564E-004, 0.0000000E+000,-2.4981753E+001, 1.9355847E-001, 2.5185933E-001, 0.0000000E+000, 1.2699247E-003, 0.0000000E+000, 5.9869040E-003
 4.8360022E+002, 2.6030671E+001,-1.9828143E-001,-7.2802121E-001,-1.5268765E-001, 5.2925709E-004, 0.0000000E+000,-2.7612167E+001,-2.8209622E+000,-2.6599579E+000, 0.0000000E+000, 1.2699247E-003, 0.0000000E+000, 7.2278556E-003
 4.8420309E+002, 2.6756532E+001,-3.9334798E-001,-7.9684317E-001,-2.5684758E-001, 5.2155760E-004, 0.0000000E+000,-2.4186437E+001, 1.0249193E+000, 1.1235782E+000, 0.0000000E+000, 1.2699247E-003, 0.0000000E+000, 5.9675697E-003
 4.8480038E+002, 2.7866937E+001,-4.5488853E-001,-8.0619519E-001,-3.7195488E-001, 5.6526974E-004, 0.0000000E+000,-2.5095928E+001, 1.0209330E+000, 1.1385355E+000, 0.0000000E+000, 1.2699247E-003, 0.0000000E+000, 6.1894711E-003
 4.8540195E+002, 2.5259623E+001,-3.2588043E-001,-6.5594651E-001,-2.7092029E-001, 5.3334761E-004, 0.0000000E+000,-2.5869437E+001,-1.9838587E+000,-1.8620272E+000, 0.0000000E+000, 1.2699247E-003, 0.0000000E+000, 6.5054515E-003
 4.8600217E+002, 2.6992326E+001,-4.4164454E-001,-7.2675802E-001,-1.5090935E-001, 5.5808553E-004, 0.0000000E+000,-2.5293365E+001, 2.9745112E-001, 3.8020740E-001, 0.0000000E+000, 1.2699247E-003, 0.0000000E+000, 6.4376762E-003
 4.8660300E+002, 2.6014248E+001,-3.1850769E-001,-7.7911497E-001,-1.8066558E-001, 5.0933008E-004, 0.0000000E+000,-2.5000434E+001,-2.0284148E-001,-2.6396514E-001, 0.0000000E+000, 1.2699247E-003, 0.0000000E+000, 6.2864400E-003
 4.8720258E+002, 2.7866784E+001,-5.1090354E-001,-7.6608645E-001,-2.6324413E-001, 5.5627097E-004, 0.0000000E+000,-2.4630374E+001, 1.7408043E+000, 1.6967323E+000, 0.0000000E+000, 1.2699247E-003, 0.0000000E+000, 6.0461255E-003
 4.8780264E+002, 2.6674010E+001,-4.1584545E-001,-8.0196904E-001,-1.2120431E-001, 5.7045706E-004, 0.0000000E+000,-2.5012976E+001, 1.9375793E-001, 3.2258545E-001, 0.0000000E+000, 1.2699247E-003, 0.0000000E+000, 6.1506845E-003
 4.8840305E+002, 2.6261302E+001,-4.2920430E-001,-8.2534874E-001,-1.4538259E-001, 5.6792731E-004, 0.0000000E+000,-2.4574745E+001, 1.4263863E-001, 2.8718881E-001, 0.0000000E+000, 1.2699247E-003, 0.0000000E+000, 5.9794136E-003
 4.8900067E+002, 2.6936997E+001,-4.7484741E-001,-8.6302031E-001,-7.7305734E-002, 5.5589442E-004, 0.0000000E+000,-2.4215655E+001, 1.1229323E+000, 1.3067245E+000, 0.0000000E+000, 1.2699247E-003, 0.0000000E+000, 5.8590241E-003
 4.8960266E+002, 2.5958408E+001,-3.7701007E-001,-7.7104053E-001,-7.6579753E-002, 5.5367874E-004, 0.0000000E+000,-2.5915562E+001,-1.1067408E+000,-1.1812314E+000, 0.0000000E+000, 1.2699247E-003, 0.0000000E+000, 6.5242317E-003
 4.9020355E+002, 2.6573233E+001,-4.7715960E-001,-6.4850954E-001,-7.4364229E-002, 5.2805676E-004, 0.0000000E+000,-2.3982023E+001, 1.0846561E+000, 1.3917046E+000, 0.0000000E+000, 1.2699247E-003, 0.0000000E+000, 6.0825508E-003
 4.9080017E+002, 2.6446728E+001,-3.3364035E-001,-6.6623478E-001,-9.4245989E-002, 5.3543585E-004, 0.0000000E+000,-2.5905619E+001,-8.9544638E-001,-5.5247691E-001, 0.0000000E+000, 1.2699247E-003, 0.0000000E+000, 6.3584930E-003
 4.9140097E+002, 2.6888873E+001,-4.9750438E-001,-7.6029553E-001,-1.3129921E-001, 5.4535724E-004, 0.0000000E+000,-2.5151093E+001,-9.1467962E-002, 3.4922597E-001, 0.0000000E+000, 1.2699247E-003, 0.0000000E+000, 6.1924493E-003
 4.9200351E+002, 2.6953392E+001,-4.7485178E-001,-8.2353299E-001,-5.7105896E-002, 5.4205811E-004, 0.0000000E+000,-2.5261455E+001, 1.2660001E-001, 3.3698885E-001, 0.0000000E+000, 1.2699247E-003, 0.0000000E+000, 6.1440639E-003
 4.9260266E+002, 2.6069063E+001,-3.6760533E-001,-8.3244135E-001,-9.7183722E-002, 5.2637150E-004, 0.0000000E+000,-2.6043781E+001,-1.4993084E+000,-1.2714218E+000, 0.0000000E+000, 1.2699247E-003, 0.0000000E+000, 6.5492598E-003
 4.9320026E+002, 2.6687212E+001,-4.4454352E-001,-7.5151342E-001,-1.8451190E-001, 5.3588991E-004, 0.0000000E+000,-2.5376726E+001,-2.9639112E-001,-6.9546902E-002, 0.0000000E+000, 1.2699247E-003, 0.0000000E+000, 6.4529283E-003
 4.9380310E+002, 2.7368379E+001,-4.4453151E-001,-7.4682446E-001,-2.1735028E-001, 5.4902796E-004, 0.0000000E+000,-2.3654571E+001, 2.1886744E+000, 2.3056508E+000, 0.0000000E+000, 1.2699247E-003, 0.0000000E+000, 5.8508986E-003
 4.9440134E+002, 2.6863848E+001,-4.3184781E-001,-7.3913572E-001,-2.9563700E-001, 5.5659950E-004, 0.0000000E+000,-2.5637712E+001,-2.7453996E-001,-2.3992765E-001, 0.0000000E+000, 1.2699247E-003, 0.0000000E+000, 6.6299834E-003
 4.9500049E+002, 2.6293842E+001,-4.2517356E-001,-8.1566483E-001,-2.5360262E-001, 5.5029666E-004, 0.0000000E+000,-2.4772090E+001,-1.3026393E-001, 2.7860733E-002, 0.0000000E+000, 1.2699247E-003, 0.0000000E+000, 5.9826095E-003
 4.9560013E+002, 2.6306560E+001,-3.5494846E-001,-6.6480803E-001,-1.9048854E-001, 5.4643931E-004, 0.0000000E+000,-2.4575120E+001, 4.6334524E-001, 5.2174110E-001, 0.0000000E+000, 1.2699247E-003, 0.0000000E+000, 5.9770994E-003
 4.9620258E+002, 2.7415150E+001,-4.6963492E-001,-7.9946573E-001,-2.4024450E-001, 5.6922419E-004, 0.0000000E+000,-2.3084010E+001, 2.7129767E+000, 2.8223642E+000, 0.0000000E+000, 1.2699247E-003, 0.0000000E+000, 5.4784084E-003
 4.9680093E+002, 2.7181899E+001,-5.0725971E-001,-9.3212322E-001,-2.8756769E-001, 5.8716906E-004, 0.0000000E+000,-2.3055127E+001, 2.2350420E+000, 2.4004082E+000, 0.0000000E+000, 1.2699247E-003, 0.0000000E+000, 5.2079514E-003
 4.9740222E+002, 2.5915779E+001,-5.0711035E-001,-8.2399004E-001,-1.5679509E-001, 5.8642524E-004, 0.0000000E+000,-2.5251205E+001,-1.1909938E+000,-8.2273559E-001, 0.0000000E+000, 1.2699247E-003, 0.0000000E+000, 6.1000733E-003
 4.9800006E+002, 2.6571664E+001,-4.7264685E-001,-7.3378159E-001,-1.7117199E-001, 5.5749224E-004, 0.0000000E+000,-2.5321629E+001,-2.6994759E-001,-1.2700756E-001, 0.0000000E+000, 1.2699247E-003, 0.0000000E+000, 6.3790292E-003
 4.9860037E+002, 2.6076593E+001,-4.6011436E-001,-7.8240464E-001,-2.1773839E-001, 5.3734638E-004, 0.0000000E+000,-2.4424647E+001, 2.1986609E-001, 1.9222624E-001, 0.0000000E+000, 1.2699247E-003, 0.0000000E+000, 5.7722755E-003
 4.9920139E+002, 2.6534807E+001,-4.3483719E-001,-7.4201753E-001,-1.8125585E-001, 5.5270778E-004, 0.0000000E+000,-2.4960968E+001, 1.5188797E-001, 2.1628148E-001, 0.0000000E+000, 1.2699247E-003, 0.0000000E+000, 6.1697341E-003
 4.9980066E+002, 2.6276061E+001,-5.0204812E-001,-8.0580262E-001,-1.0406522E-001, 5.1845187E-004, 0.0000000E+000,-2.4948290E+001,-4.1682806E-001,-8.3626671E-002, 0.0000000E+000, 1.2699247E-003, 0.0000000E+000, 6.1694441E-003
 5.0040048E+002, 2.7324196E+001,-4.6694808E-001,-7.6610304E-001,-1.6850678E-001, 5.3517312E-004, 0.0000000E+000,-2.4569502E+001, 1.3138048E+000, 1.3536722E+000, 0.0000000E+000, 1.2699247E-003, 0.0000000E+000, 5.9663903E-003
 5.0100067E+002, 2.7162587E+001,-6.2262410E-001,-7.6367458E-001,-2.3166922E-001, 5.7124459E-004, 0.0000000E+000,-2.3127556E+001, 2.2802603E+000, 2.4176339E+000, 0.0000000E+000, 1.2699247E-003, 0.0000000E+000, 5.3393667E-003
 5.0160135E+002, 2.6193623E+001,-4.9197142E-001,-7.4773576E-001,-1.8294852E-001, 5.5495195E-004, 0.0000000E+000,-2.5298165E+001,-6.5075405E-001,-5.2664313E-001, 0.0000000E+000, 1.2699247E-003, 0.0000000E+000, 6.1256984E-003
 5.0220276E+002, 2.6403419E+001,-5.5764437E-001,-7.8081200E-001,-1.5757361E-001, 5.3118699E-004, 0.0000000E+000,-2.4470002E+001, 3.7697970E-001, 4.3791788E-001, 0.0000000E+000, 1.2699247E-003, 0.0000000E+000, 5.9490446E-003
 5.0280154E+002, 2.6484888E+001,-4.5989154E-001,-7.7807731E-001,-2.6884557E-001, 5.3403654E-004, 0.0000000E+000,-2.4055451E+001, 9.0255110E-001, 9.2315611E-001, 0.0000000E+000, 1.2699247E-003, 0.0000000E+000, 5.8203940E-003
 5.0340225E+002, 2.6219842E+001,-5.3130252E-001,-8.3072979E-001,-1.9291088E-001, 5.3630538E-004, 0.0000000E+000,-2.4482641E+001, 4.7397978E-002, 1.8279412E-001, 0.0000000E+000, 1.2699247E-003, 0.0000000E+000, 5.8737775E-003
 5.0400162E+002, 2.6910195E+001,-5.0900067E-001,-8.1043551E-001,-1.7710645E-001, 5.4230570E-004, 0.0000000E+000,-2.4073453E+001, 1.1076506E+000, 1.3407421E+000, 0.0000000E+000, 1.2699247E-003, 0.0000000E+000, 5.7517264E-003
 5.0460291E+002, 2.7390435E+001,-5.0375752E-001,-8.5518301E-001,-2.6317478E-001, 5.4643912E-004, 0.0000000E+000,-2.5494291E+001, 1.5489874E-001, 2.7457548E-001, 0.0000000E+000, 1.2699247E-003, 0.0000000E+000, 6.2506357E-003
 5.0520154E+002, 2.6442458E+001,-5.6766011E-001,-8.6266955E-001,-2.8932370E-001, 5.4545604E-004, 0.0000000E+000,-2.4547785E+001, 9.7383489E-002, 1.7556506E-001, 0.0000000E+000, 1.2699247E-003, 0.0000000E+000, 5.9366999E-003
 5.0580237E+002, 2.6912290E+001,-5.8466343E-001,-6.5738481E-001,-3.7797376E-001, 5.6967043E-004, 0.0000000E+000,-2.5086367E+001, 1.4532175E-001, 2.0647129E-001, 0.0000000E+000, 1.2699247E-003, 0.0000000E+000, 6.1810489E-003
 5.0640240E+002, 2.5661550E+001,-4.6087948E-001,-6.9576139E-001,-2.8304171E-001, 5.4899447E-004, 0.0000000E+000,-2.6519096E+001,-2.3951278E+000,-2.2966795E+000, 0.0000000E+000, 1.2699247E-003, 0.0000000E+000, 6.6933968E-003
 5.0700177E+002, 2.7297657E+001,-6.8023021E-001,-9.7828269E-001,-2.5199014E-001, 5.5278538E-004, 0.0000000E+000,-2.2837089E+001, 2.4828045E+000, 2.5506173E+000, 0.0000000E+000, 1.2699247E-003, 0.0000000E+000, 5.3511687E-003
 5.0760269E+002, 2.6797312E+001,-4.5717279E-001,-7.6530516E-001,-2.1783594E-001, 5.5655172E-004, 0.0000000E+000,-2.6918936E+001,-1.5882268E+000,-1.5613812E+000, 0.0000000E+000, 1.2699247E-003, 0.0000000E+000, 6.7111442E-003
 5.0820233E+002, 2.6607272E+001,-6.1641707E-001,-9.2536733E-001,-1.7349144E-001, 5.1685693E-004, 0.0000000E+000,-2.4742804E+001, 1.8224355E-002, 1.4970954E-001, 0.0000000E+000, 1.2699247E-003, 0.0000000E+000, 6.1369997E-003
 5.0880338E+002, 2.5521794E+001,-3.8971309E-001,-9.3088774E-001,-2.7285985E-001, 5.1940078E-004, 0.0000000E+000,-2.4270011E+001,-2.7639330E-001,-3.4115842E-001, 0.0000000E+000, 1.2699247E-003, 0.0000000E+000, 6.0423640E-003
 5.0940353E+002, 2.7703600E+001,-6.4795115E-001,-8.6824034E-001,-2.5160661E-001, 5.4856897E-004, 0.0000000E+000,-2.3314730E+001, 2.4226555E+000, 2.6216206E+000, 0.0000000E+000, 1.2699247E-003, 0.0000000E+000, 5.6357126E-003
 5.1000125E+002, 2.6554996E+001,-5.5799609E-001,-7.0231829E-001,-2.2389252E-001, 5.4102571E-004, 0.0000000E+000,-2.6853420E+001,-2.1870102E+000,-1.7820897E+000, 0.0000000E+000, 1.2699247E-003, 0.0000000E+000, 6.7963443E-003
 5.1060110E+002, 2.5721398E+001,-5.0145582E-001,-7.7174031E-001,-2.3628769E-001, 5.2308865E-004, 0.0000000E+000,-2.5206500E+001,-1.0680278E+000,-9.9406267E-001, 0.0000000E+000, 1.2699247E-003, 0.0000000E+000, 6.1924392E-003
 5.1120117E+002, 2.7774186E+001,-5.6593033E-001,-7.8268970E-001,-3.3657961E-001, 5.3862114E-004, 0.0000000E+000,-2.4001692E+001, 1.7934894E+000, 2.0878326E+000, 0.0000000E+000, 1.2699247E-003, 0.0000000E+000, 5.5869242E-003
 5.1180359E+002, 2.7339683E+001,-5.9316467E-001,-7.3336510E-001,-3.3182517E-001, 5.7094270E-004, 0.0000000E+000,-2.5095027E+001, 5.0878432E-001, 5.8687265E-001, 0.0000000E+000, 1.2699247E-003, 0.0000000E+000, 6.0394464E-003
 5.1240259E+002, 2.6394766E+001,-4.8788570E-001,-7.7875164E-001,-3.1882743E-001, 5.6571495E-004, 0.0000000E+000,-2.5353377E+001,-5.9156928E-001,-5.4350960E-001, 0.0000000E+000, 1.2699247E-003, 0.0000000E+000, 6.0858075E-003
 5.1300018E+002, 2.5568578E+001,-4.6705308E-001,-6.6291635E-001,-3.2142178E-001, 5.3519434E-004, 0.0000000E+000,-2.6956395E+001,-2.9940124E+000,-2.8386734E+000, 0.0000000E+000, 1.2699247E-003, 0.0000000E+000, 6.9508718E-003
 5.1360095E+002, 2.6895489E+001,-6.0266852E-001,-8.3530475E-001,-3.8443508E-001, 5.3240994E-004, 0.0000000E+000,-2.4740355E+001, 4.1238753E-001, 3.3325742E-001, 0.0000000E+000, 1.2699247E-003, 0.0000000E+000, 6.0683965E-003
 5.1420056E+002, 2.6824603E+001,-4.3999702E-001,-7.9221264E-001,-4.3317533E-001, 5.4488754E-004, 0.0000000E+000,-2.5301057E+001,-8.3709604E-002,-1.4129419E-001, 0.0000000E+000, 1.2699247E-003, 0.0000000E+000, 6.2527765E-003
 5.1480151E+002, 2.6524783E+001,-4.4008813E-001,-7.4012859E-001,-3.6961180E-001, 5.5759095E-004, 0.0000000E+000,-2.4661208E+001, 4.3582783E-002, 3.1430488E-001, 0.0000000E+000, 1.2699247E-003, 0.0000000E+000, 6.0939673E-003
 5.1540070E+002, 2.6847617E+001,-5.9588582E-001,-6.8317646E-001,-3.2334890E-001, 5.4083276E-004, 0.0000000E+000,-2.6655246E+001,-1.4903722E+000,-1.4094996E+000, 0.0000000E+000, 1.2699247E-003, 0.0000000E+000, 6.7322305E-003
 5.1600177E+002, 2.6601283E+001,-5.6219040E-001,-7.4927426E-001,-2.5247123E-001, 5.1872880E-004, 0.0000000E+000,-2.4629560E+001, 3.0215043E-001, 4.0830607E-001, 0.0000000E+000, 1.2699247E-003, 0.0000000E+000, 6.1372183E-003
 5.1660236E+002, 2.7081142E+001,-6.3516604E-001,-6.9182514E-001,-2.7204674E-001, 5.4221249E-004, 0.0000000E+000,-2.5388053E+001,-5.2000444E-002, 9.4593206E-002, 0.0000000E+000, 1.2699247E-003, 0.0000000E+000, 6.3944861E-003
 5.1720154E+002, 2.6309204E+001,-5.6216896E-001,-7.4992943E-001,-3.4155269E-001, 5.4764882E-004, 0.0000000E+000,-2.5247365E+001,-4.3403069E-001,-5.9126434E-001, 0.0000000E+000, 1.2699247E-003, 0.0000000E+000, 6.0994564E-003
 5.1780316E+002, 2.6768097E+001,-4.5909646E-001,-8.2433307E-001,-3.0187214E-001, 5.5114246E-004, 0.0000000E+000,-2.5506340E+001,-5.2732692E-001,-3.2299335E-001, 0.0000000E+000, 1.2699247E-003, 0.0000000E+000, 6.2637040E-003
 5.1840002E+002, 2.5631236E+001,-3.7718930E-001,-7.2831883E-001,-2.4645350E-001, 5.3112241E-004, 0.0000000E+000,-2.6666885E+001,-2.3670887E+000,-2.3870799E+000, 0.0000000E+000, 1.2699247E-003, 0.0000000E+000, 6.7401204E-003
 5.1900262E+002, 2.6418456E+001,-5.3201171E-001,-7.0454704E-001,-2.7180783E-001, 5.3308153E-004, 0.0000000E+000,-2.4923707E+001,-1.8927739E-001,-1.3084309E-002, 0.0000000E+000, 1.2699247E-003, 0.0000000E+000, 6.1369910E-003
 5.1960291E+002, 2.6327883E+001,-4.9260833E-001,-7.0449579E-001,-2.5563939E-001, 5.1132814E-004, 0.0000000E+000,-2.5485306E+001,-9.7206683E-001,-6.0965487E-001, 0.0000000E+000, 1.2699247E-003, 0.0000000E+000, 6.3065606E-003
 5.2020184E+002, 2.8553424E+001,-5.7435744E-001,-8.2412941E-001,-2.3114706E-001, 5.5998829E-004, 0.0000000E+000,-2.4275550E+001, 2.3639542E+000, 2.6487994E+000, 0.0000000E+000, 1.2699247E-003, 0.0000000E+000, 5.7643118E-003
 5.2080164E+002, 2.6420054E+001,-5.7115556E-001,-6.8927281E-001,-2.6345600E-001, 5.4815097E-004, 0.0000000E+000,-2.5646960E+001,-8.2809458E-001,-7.5024241E-001, 0.0000000E+000, 1.2699247E-003, 0.0000000E+000, 6.3416413E-003
 5.2140204E+002, 2.6236354E+001,-5.6231654E-001,-7.8761577E-001,-2.4264279E-001, 5.4180904E-004, 0.0000000E+000,-2.4639871E+001,-3.1690480E-001, 4.4491850E-003, 0.0000000E+000, 1.2699247E-003, 0.0000000E+000, 6.0383450E-003
 5.2200403E+002, 2.6244044E+001,-5.1571225E-001,-6.8285827E-001,-2.2986577E-001, 5.1502245E-004, 0.0000000E+000,-2.6245493E+001,-1.5225351E+000,-1.4293709E+000, 0.0000000E+000, 1.2699247E-003, 0.0000000E+000, 6.6982358E-003
 5.2260010E+002, 2.7144519E+001,-5.9729428E-001,-8.4152669E-001,-2.4313986E-001, 5.2977650E-004, 0.0000000E+000,-2.4383006E+001, 9.6694903E-001, 1.0800821E+000, 0.0000000E+000, 1.2699247E-003, 0.0000000E+000, 6.0983958E-003
 5.2320331E+002, 2.6603364E+001,-6.0640639E-001,-7.1768282E-001,-2.4701223E-001, 5.5050976E-004, 0.0000000E+000,-2.5460790E+001,-6.7540374E-001,-4.2797703E-001, 0.0000000E+000, 1.2699247E-003, 0.0000000E+000, 6.2222361E-003
 5.2380176E+002, 2.7113834E+001,-6.3473221E-001,-7.6964024E-001,-2.4181876E-001, 5.5223989E-004, 0.0000000E+000,-2.4976571E+001, 3.3624550E-001, 4.9162461E-001, 0.0000000E+000, 1.2699247E-003, 0.0000000E+000, 6.1600095E-003
 5.2440302E+002, 2.5691886E+001,-5.5250748E-001,-7.1898851E-001,-2.4023352E-001, 5.1716258E-004, 0.0000000E+000,-2.5430051E+001,-1.4415499E+000,-1.2493770E+000, 0.0000000E+000, 1.2699247E-003, 0.0000000E+000, 6.4470825E-003
 5.2500043E+002, 2.7145288E+001,-6.0533657E-001,-7.3527971E-001,-3.1071562E-001, 5.3457448E-004, 0.0000000E+000,-2.3501078E+001, 1.9817996E+000, 1.9934133E+000, 0.0000000E+000, 1.2699247E-003, 0.0000000E+000, 5.6559803E-003
 5.2560211E+002, 2.6320710E+001,-5.3316310E-001,-6.9811961E-001,-2.9987106E-001, 5.3604829E-004, 0.0000000E+000,-2.4123184E+001, 3.4462290E-001, 6.6690750E-001, 0.0000000E+000, 1.2699247E-003, 0.0000000E+000, 5.9091616E-003
 5.2620264E+002, 2.6836376E+001,-5.9804191E-001,-7.0316472E-001,-2.9866849E-001, 5.5368571E-004, 0.0000000E+000,-2.4552167E+001, 4.9714216E-001, 6.8488758E-001, 0.0000000E+000, 1.2699247E-003, 0.0000000E+000, 5.9537191E-003
 5.2680310E+002, 2.7318790E+001,-7.3442000E-001,-6.8791179E-001,-2.9949268E-001, 5.6018712E-004, 0.0000000E+000,-2.3967966E+001, 1.3937442E+000, 1.6295603E+000, 0.0000000E+000, 1.2699247E-003, 0.0000000E+000, 5.6285118E-003
 5.2740192E+002, 2.6188821E+001,-5.3060402E-001,-6.9988963E-001,-2.6719991E-001, 5.6493471E-004, 0.0000000E+000,-2.5001677E+001,-5.0257162E-001,-3.0998516E-001, 0.0000000E+000, 1.2699247E-003, 0.0000000E+000, 5.9565232E-003
 5.2800232E+002, 2.6836471E+001,-6.7689300E-001,-8.3020517E-001,-2.5910964E-001, 5.5317891E-004, 0.0000000E+000,-2.4754665E+001,-1.4351014E-002, 3.1615170E-001, 0.0000000E+000, 1.2699247E-003, 0.0000000E+000, 5.9680912E-003
 5.2860364E+002, 2.6859446E+001,-5.8834510E-001,-8.4717967E-001,-2.6065898E-001, 5.5190213E-004, 0.0000000E+000,-2.4702204E+001, 4.5758032E-001, 4.6161026E-001, 0.0000000E+000, 1.2699247E-003, 0.0000000E+000, 5.8134186E-003
 5.2920294E+002, 2.6400411E+001,-5.4490277E-001,-9.2636266E-001,-3.6698474E-001, 5.4893368E-004, 0.0000000E+000,-2.4079608E+001, 4.2428978E-001, 4.8310190E-001, 0.0000000E+000, 1.2699247E-003, 0.0000000E+000, 5.7884171E-003
 5.2980121E+002, 2.6525556E+001,-5.0477573E-001,-9.6259010E-001,-3.8189927E-001, 5.2888183E-004, 0.0000000E+000,-2.5661526E+001,-1.3623876E+000,-9.8470629E-001, 0.0000000E+000, 1.2699247E-003, 0.0000000E+000, 6.2687537E-003
 5.3040161E+002, 2.6739827E+001,-5.0758585E-001,-8.7490602E-001,-4.6451643E-001, 5.4759643E-004, 0.0000000E+000,-2.4012352E+001, 3.7968214E-001, 8.8101408E-001, 0.0000000E+000, 1.2699247E-003, 0.0000000E+000, 5.7294035E-003
 5.3100183E+002, 2.6908827E+001,-4.9238767E-001,-7.4304251E-001,-4.7307830E-001, 5.5983967E-004, 0.0000000E+000,-2.4406004E+001, 4.1364165E-001, 7.9487445E-001, 0.0000000E+000, 1.2699247E-003, 0.0000000E+000, 5.8790075E-003
 5.3160229E+002, 2.6217868E+001,-5.5982643E-001,-7.1241498E-001,-4.6472512E-001, 5.5113522E-004, 0.0000000E+000,-2.4398654E+001,-2.2434932E-001, 8.2798452E-002, 0.0000000E+000, 1.2699247E-003, 0.0000000E+000, 5.7187818E-003
 5.3220105E+002, 2.7062959E+001,-4.5145505E-001,-7.5193122E-001,-3.9279593E-001, 5.7759694E-004, 0.0000000E+000,-2.4505409E+001, 8.0450999E-001, 9.6194487E-001, 0.0000000E+000, 1.2699247E-003, 0.0000000E+000, 5.8746608E-003
 5.3280096E+002, 2.6309242E+001,-5.8653029E-001,-8.0775814E-001,-3.9608465E-001, 5.4854756E-004, 0.0000000E+000,-2.5221988E+001,-7.8409564E-001,-7.0257033E-001, 0.0000000E+000, 1.2699247E-003, 0.0000000E+000, 6.2044017E-003
 5.3340204E+002, 2.6924971E+001,-6.0632745E-001,-7.7390131E-001,-3.0791716E-001, 5.5984275E-004, 0.0000000E+000,-2.5526133E+001,-3.5234680E-001,-2.8874822E-001, 0.0000000E+000, 1.2699247E-003, 0.0000000E+000, 6.5117214E-003
 5.3400128E+002, 2.5907508E+001,-5.3058743E-001,-7.4086129E-001,-2.3058594E-001, 5.3963482E-004, 0.0000000E+000,-2.6038875E+001,-1.8613715E+000,-1.6328616E+000, 0.0000000E+000, 1.2699247E-003, 0.0000000E+000, 6.5789306E-003
 5.3460016E+002, 2.6721565E+001,-4.6538661E-001,-8.1387182E-001,-3.6569496E-001, 5.3302764E-004, 0.0000000E+000,-2.4341475E+001, 5.2519081E-001, 7.3566977E-001, 0.0000000E+000, 1.2699247E-003, 0.0000000E+000, 6.1725174E-003
 5.3520197E+002, 2.6975277E+001,-5.0932080E-001,-7.2660955E-001,-4.1726835E-001, 5.2416345E-004, 0.0000000E+000,-2.5496093E+001,-4.5149285E-001,-1.7349049E-001, 0.0000000E+000, 1.2699247E-003, 0.0000000E+000, 6.4050701E-003
 5.3580096E+002, 2.6371457E+001,-4.9994016E-001,-6.7688400E-001,-3.6004164E-001, 5.3999517E-004, 0.0000000E+000,-2.5286424E+001,-4.7267054E-001,-4.5129303E-001, 0.0000000E+000, 1.2699247E-003, 0.0000000E+000, 6.4026132E-003
 5.3640198E+002, 2.6323593E+001,-5.4871995E-001,-6.7230583E-001,-3.6443851E-001, 5.2583833E-004, 0.0000000E+000,-2.4846608E+001,-2.2539293E-001,-1.0795298E-001, 0.0000000E+000, 1.2699247E-003, 0.0000000E+000, 6.2787909E-003
 5.3700177E+002, 2.6971748E+001,-6.2228945E-001,-6.5524171E-001,-3.5916502E-001, 5.3021290E-004, 0.0000000E+000,-2.5784366E+001,-5.1956539E-001,-4.4878471E-001, 0.0000000E+000, 1.2699247E-003, 0.0000000E+000, 6.4508152E-003
 5.3760303E+002, 2.5696066E+001,-4.4990132E-001,-6.8751317E-001,-2.9055028E-001, 5.2153334E-004, 0.0000000E+000,-2.4479095E+001,-3.7897823E-001,-2.1047269E-001, 0.0000000E+000, 1.2699247E-003, 0.0000000E+000, 6.0900170E-003
 5.3820117E+002, 2.7807782E+001,-6.0607741E-001,-6.6587910E-001,-2.7127812E-001, 5.3180572E-004, 0.0000000E+000,-2.6157818E+001,-6.5746818E-002, 1.0726118E-001, 0.0000000E+000, 1.2699247E-003, 0.0000000E+000, 6.5197035E-003
 5.3880066E+002, 2.6634851E+001,-6.7607398E-001,-7.2046942E-001,-2.6794110E-001, 5.1543301E-004, 0.0000000E+000,-2.3406405E+001, 1.2854855E+000, 1.5644770E+000, 0.0000000E+000, 1.2699247E-003, 0.0000000E+000, 5.6308712E-003
 5.3940259E+002, 2.6875204E+001,-5.2970218E-001,-7.5073572E-001,-4.1331276E-001, 5.5545958E-004, 0.0000000E+000,-2.6123114E+001,-1.0086150E+000,-9.4110512E-001, 0.0000000E+000, 1.2699247E-003, 0.0000000E+000, 6.5719177E-003
 5.4000256E+002, 2.6597027E+001,-5.5773788E-001,-8.6368493E-001,-3.9689367E-001, 5.5125634E-004, 0.0000000E+000,-2.4235479E+001, 2.9038976E-001, 5.4378319E-001, 0.0000000E+000, 1.2699247E-003, 0.0000000E+000, 5.8532507E-003
 5.4060083E+002, 2.5821214E+001,-5.7821587E-001,-7.8575425E-001,-2.9801856E-001, 5.2641353E-004, 0.0000000E+000,-2.5751115E+001,-1.6107247E+000,-1.5913626E+000, 0.0000000E+000, 1.2699247E-003, 0.0000000E+000, 6.3744349E-003
 5.4120166E+002, 2.6768585E+001,-6.0027271E-001,-8.1913287E-001,-3.3672658E-001, 5.2323735E-004, 0.0000000E+000,-2.5254894E+001,-3.9365330E-001,-2.4191827E-001, 0.0000000E+000, 1.2699247E-003, 0.0000000E+000, 6.1542107E-003
 5.4180243E+002, 2.7289318E+001,-5.7277186E-001,-7.9549109E-001,-2.8620391E-001, 5.4550472E-004, 0.0000000E+000,-2.5601925E+001,-2.1001789E-001, 3.3471150E-002, 0.0000000E+000, 1.2699247E-003, 0.0000000E+000, 6.3204196E-003
 5.4240118E+002, 2.4918487E+001,-3.9068375E-001,-7.0371749E-001,-2.4692503E-001, 5.0422963E-004, 0.0000000E+000,-2.5876084E+001,-2.5563689E+000,-2.2984192E+000, 0.0000000E+000, 1.2699247E-003, 0.0000000E+000, 6.5340273E-003
 5.4300018E+002, 2.7492173E+001,-6.3874503E-001,-8.5315897E-001,-3.5109916E-001, 5.3132792E-004, 0.0000000E+000,-2.4289523E+001, 1.0317795E+000, 1.3601782E+000, 0.0000000E+000, 1.2699247E-003, 0.0000000E+000, 5.9627508E-003
 5.4360297E+002, 2.7373873E+001,-6.0357936E-001,-8.4119023E-001,-3.8732704E-001, 5.3853925E-004, 0.0000000E+000,-2.4844040E+001, 3.6271046E-001, 6.9827431E-001, 0.0000000E+000, 1.2699247E-003, 0.0000000E+000, 6.0020095E-003
 5.4420056E+002, 2.6678043E+001,-5.2804953E-001,-8.5815832E-001,-3.9089536E-001, 5.4901784E-004, 0.0000000E+000,-2.3989358E+001, 5.7636509E-001, 9.1213096E-001, 0.0000000E+000, 1.2699247E-003, 0.0000000E+000, 5.7304078E-003
 5.4480157E+002, 2.6256152E+001,-5.5465311E-001,-7.4583004E-001,-3.9963192E-001, 5.2946873E-004, 0.0000000E+000,-2.4785529E+001,-4.8025670E-001,-2.2896286E-001, 0.0000000E+000, 1.2699247E-003, 0.0000000E+000, 6.0138534E-003
 5.4540338E+002, 2.6721368E+001,-5.3158317E-001,-7.5353397E-001,-4.2852525E-001, 5.0912952E-004, 0.0000000E+000,-2.3216249E+001, 1.5775881E+000, 1.7919864E+000, 0.0000000E+000, 1.2699247E-003, 0.0000000E+000, 5.4943086E-003
 5.4600366E+002, 2.6214669E+001,-4.4365507E-001,-6.2573767E-001,-4.2476567E-001, 5.1387427E-004, 0.0000000E+000,-2.3763400E+001, 6.7725542E-001, 9.5762487E-001, 0.0000000E+000, 1.2699247E-003, 0.0000000E+000, 5.8906963E-003
 5.4660339E+002, 2.7362694E+001,-6.0749329E-001,-5.4804642E-001,-3.8290683E-001, 5.2154056E-004, 0.0000000E+000,-2.6077749E+001,-6.6994960E-001,-2.5297927E-001, 0.0000000E+000, 1.2699247E-003, 0.0000000E+000, 6.5276869E-003
 5.4720020E+002, 2.6662022E+001,-4.8836333E-001,-6.9125672E-001,-4.2891597E-001, 5.3237435E-004, 0.0000000E+000,-2.3339023E+001, 1.4867044E+000, 1.7149951E+000, 0.0000000E+000, 1.2699247E-003, 0.0000000E+000, 5.6734273E-003
 5.4780212E+002, 2.5843437E+001,-5.2602934E-001,-5.6920960E-001,-4.2925419E-001, 5.1399070E-004, 0.0000000E+000,-2.4964529E+001,-7.5079568E-001,-6.4507098E-001, 0.0000000E+000, 1.2699247E-003, 0.0000000E+000, 6.2409397E-003
 5.4840039E+002, 2.6745350E+001,-5.5998633E-001,-5.9728108E-001,-4.8216530E-001, 5.2355053E-004, 0.0000000E+000,-2.4970712E+001,-2.1259625E-001, 1.3572818E-001, 0.0000000E+000, 1.2699247E-003, 0.0000000E+000, 6.2986234E-003
 5.4900177E+002, 2.6912578E+001,-5.9081128E-001,-6.1660506E-001,-4.6436164E-001, 5.4971663E-004, 0.0000000E+000,-2.3771133E+001, 1.3287044E+000, 1.4702169E+000, 0.0000000E+000, 1.2699247E-003, 0.0000000E+000, 5.7741238E-003
 5.4960205E+002, 2.6342685E+001,-6.5257834E-001,-7.0826709E-001,-3.2518526E-001, 5.4482727E-004, 0.0000000E+000,-2.3295493E+001, 1.1523681E+000, 1.3617064E+000, 0.0000000E+000, 1.2699247E-003, 0.0000000E+000, 5.4765535E-003
 5.5020062E+002, 2.6998792E+001,-5.9299316E-001,-5.8853310E-001,-3.1911402E-001, 5.3335545E-004, 0.0000000E+000,-2.5069701E+001, 2.1744381E-001, 4.2898362E-001, 0.0000000E+000, 1.2699247E-003, 0.0000000E+000, 6.3104945E-003
 5.5080072E+002, 2.6666213E+001,-7.1298313E-001,-5.2073280E-001,-3.4494298E-001, 5.2836890E-004, 0.0000000E+000,-2.5220842E+001,-9.7821450E-002,-1.3275923E-001, 0.0000000E+000, 1.2699247E-003, 0.0000000E+000, 6.4612652E-003
 5.5140277E+002, 2.6671576E+001,-6.1190480E-001,-5.9832874E-001,-4.2424155E-001, 5.5093885E-004, 0.0000000E+000,-2.5183131E+001,-2.2827322E-001,-1.4547965E-001, 0.0000000E+000, 1.2699247E-003, 0.0000000E+000, 6.2535874E-003
 5.5200220E+002, 2.7415482E+001,-6.8162473E-001,-7.4616879E-001,-3.9670924E-001, 5.6414337E-004, 0.0000000E+000,-2.3895461E+001, 1.5437176E+000, 1.6960822E+000, 0.0000000E+000, 1.2699247E-003, 0.0000000E+000, 5.7725751E-003
 5.5260229E+002, 2.6269222E+001,-6.2519736E-001,-7.1200521E-001,-3.1294775E-001, 5.6647755E-004, 0.0000000E+000,-2.3657020E+001, 7.1922325E-001, 9.6261812E-001, 0.0000000E+000, 1.2699247E-003, 0.0000000E+000, 5.6333766E-003
 5.5320093E+002, 2.5801295E+001,-5.0607693E-001,-7.5475451E-001,-3.1565933E-001, 5.5538078E-004, 0.0000000E+000,-2.4978100E+001,-9.8975002E-001,-7.5274045E-001, 0.0000000E+000, 1.2699247E-003, 0.0000000E+000, 5.9862171E-003
 5.5380054E+002, 2.6776947E+001,-7.1608910E-001,-7.2823998E-001,-3.1164889E-001, 5.2959501E-004, 0.0000000E+000,-2.4474131E+001, 5.6378407E-001, 5.4736785E-001, 0.0000000E+000, 1.2699247E-003, 0.0000000E+000, 6.0563391E-003
 5.5440131E+002, 2.6652401E+001,-5.6443922E-001,-6.3761100E-001,-2.8301299E-001, 5.2866427E-004, 0.0000000E+000,-2.4817844E+001, 2.6829685E-001, 3.5002154E-001, 0.0000000E+000, 1.2699247E-003, 0.0000000E+000, 6.0979812E-003
 5.5500116E+002, 2.5533501E+001,-4.5101990E-001,-4.8063755E-001,-3.3786304E-001, 4.9515094E-004, 0.0000000E+000,-2.6172041E+001,-2.2210080E+000,-1.9075655E+000, 0.0000000E+000, 1.2699247E-003, 0.0000000E+000, 6.7780796E-003
 5.5560272E+002, 2.7765052E+001,-6.6429460E-001,-6.3488328E-001,-3.5773632E-001, 5.3119971E-004, 0.0000000E+000,-2.4327966E+001, 1.3495730E+000, 1.7807037E+000, 0.0000000E+000, 1.2699247E-003, 0.0000000E+000, 6.0975826E-003
 5.5620074E+002, 2.6069525E+001,-5.6591261E-001,-5.6948380E-001,-3.2935052E-001, 5.0336362E-004, 0.0000000E+000,-2.5229743E+001,-8.3944560E-001,-6.2446096E-001, 0.0000000E+000, 1.2699247E-003, 0.0000000E+000, 6.2073772E-003
 5.5680157E+002, 2.7152580E+001,-6.3874410E-001,-7.4698745E-001,-3.5912514E-001, 5.1877813E-004, 0.0000000E+000,-2.4332166E+001, 8.6295529E-001, 1.0760759E+000, 0.0000000E+000, 1.2699247E-003, 0.0000000E+000, 5.8219238E-003
 5.5740155E+002, 2.6535317E+001,-6.5162048E-001,-6.9930899E-001,-4.0042911E-001, 5.2963770E-004, 0.0000000E+000,-2.4518737E+001, 1.9366512E-001, 2.6575142E-001, 0.0000000E+000, 1.2699247E-003, 0.0000000E+000, 5.9210922E-003
 5.5800024E+002, 2.6719930E+001,-6.6103225E-001,-6.8356123E-001,-4.0373753E-001, 5.2570432E-004, 0.0000000E+000,-2.5001090E+001, 2.0232973E-002,-2.8964673E-002, 0.0000000E+000, 1.2699247E-003, 0.0000000E+000, 6.2155687E-003
 5.5860107E+002, 2.7330704E+001,-7.2046866E-001,-7.2901104E-001,-4.3000478E-001, 5.3756100E-004, 0.0000000E+000,-2.2704026E+001, 2.7593298E+000, 2.7477312E+000, 0.0000000E+000, 1.2699247E-003, 0.0000000E+000, 5.4355118E-003
 5.5920343E+002, 2.6559573E+001,-6.5580135E-001,-6.9835273E-001,-4.0761015E-001, 5.4702066E-004, 0.0000000E+000,-2.3725755E+001, 9.0953784E-001, 1.0726007E+000, 0.0000000E+000, 1.2699247E-003, 0.0000000E+000, 5.8248350E-003
 5.5980005E+002, 2.6044259E+001,-7.0059101E-001,-6.7342644E-001,-4.2686222E-001, 5.4850948E-004, 0.0000000E+000,-2.4450181E+001,-3.3559494E-001,-2.0625310E-001, 0.0000000E+000, 1.2699247E-003, 0.0000000E+000, 5.9547521E-003
 5.6040167E+002, 2.6824040E+001,-7.2322964E-001,-6.9691097E-001,-4.1992607E-001, 5.4321229E-004, 0.0000000E+000,-2.4430672E+001, 3.0848437E-001, 5.5384407E-001, 0.0000000E+000, 1.2699247E-003, 0.0000000E+000, 5.9980557E-003
 5.6100208E+002, 2.6761288E+001,-7.4651729E-001,-6.6278282E-001,-3.7915504E-001, 5.3601862E-004, 0.0000000E+000,-2.4457716E+001, 2.8220105E-001, 5.1565284E-001, 0.0000000E+000, 1.2699247E-003, 0.0000000E+000, 5.8525701E-003
 5.6160132E+002, 2.5654130E+001,-5.7821413E-001,-6.6604953E-001,-3.9581527E-001, 5.1754561E-004, 0.0000000E+000,-2.4756614E+001,-1.0873942E+000,-7.4204572E-001, 0.0000000E+000, 1.2699247E-003, 0.0000000E+000, 5.9505783E-003
 5.6220300E+002, 2.7991323E+001,-7.5136600E-001,-7.4657971E-001,-3.6980424E-001, 5.3033032E-004, 0.0000000E+000,-2.4563897E+001, 1.4664947E+000, 1.5602068E+000, 0.0000000E+000, 1.2699247E-003, 0.0000000E+000, 5.9250415E-003
 5.6280298E+002, 2.5790400E+001,-5.4732299E-001,-7.1735690E-001,-3.7529254E-001, 5.4547417E-004, 0.0000000E+000,-2.4959798E+001,-9.6839104E-001,-8.0882464E-001, 0.0000000E+000, 1.2699247E-003, 0.0000000E+000, 6.1021524E-003
 5.6340100E+002, 2.7656821E+001,-7.6849262E-001,-7.5600625E-001,-4.2864709E-001, 5.6326258E-004, 0.0000000E+000,-2.3218845E+001, 2.2579329E+000, 2.4853933E+000, 0.0000000E+000, 1.2699247E-003, 0.0000000E+000, 5.4971138E-003
 5.6400250E+002, 2.5926584E+001,-6.0517745E-001,-6.5836154E-001,-4.7624717E-001, 5.3900536E-004, 0.0000000E+000,-2.4927277E+001,-1.2455872E+000,-7.3994000E-001, 0.0000000E+000, 1.2699247E-003, 0.0000000E+000, 5.9220007E-003
 5.6460077E+002, 2.6973664E+001,-6.9431099E-001,-6.4520633E-001,-4.8021340E-001, 5.2887818E-004, 0.0000000E+000,-2.5184146E+001, 8.7174662E-002,-2.9683454E-002, 0.0000000E+000, 1.2699247E-003, 0.0000000E+000, 6.1495403E-003
 5.6520245E+002, 2.5832092E+001,-5.8189085E-001,-6.4570027E-001,-4.5993617E-001, 5.1193551E-004, 0.0000000E+000,-2.4026689E+001,-1.9910300E-001, 1.1838742E-001, 0.0000000E+000, 1.2699247E-003, 0.0000000E+000, 5.7846423E-003
 5.6580151E+002, 2.7414011E+001,-6.2887967E-001,-5.2267156E-001,-5.1110470E-001, 5.4048244E-004, 0.0000000E+000,-2.5942557E+001,-3.8030467E-001,-1.9066073E-001, 0.0000000E+000, 1.2699247E-003, 0.0000000E+000, 6.6244137E-003
 5.6640179E+002, 2.6357442E+001,-6.5911881E-001,-5.2843263E-001,-4.5898225E-001, 5.3673266E-004, 0.0000000E+000,-2.4212853E+001, 3.9131622E-001, 4.9859122E-001, 0.0000000E+000, 1.2699247E-003, 0.0000000E+000, 5.9257094E-003
 5.6700269E+002, 2.6893047E+001,-7.0163910E-001,-6.1013304E-001,-4.5951105E-001, 5.3852543E-004, 0.0000000E+000,-2.4928675E+001, 1.7673546E-001, 1.9362704E-001, 0.0000000E+000, 1.2699247E-003, 0.0000000E+000, 6.1772899E-003
 5.6760071E+002, 2.6844030E+001,-7.8762678E-001,-7.2607335E-001,-4.0276181E-001, 5.2925945E-004, 0.0000000E+000,-2.5104608E+001,-3.5135783E-001,-1.7651025E-001, 0.0000000E+000, 1.2699247E-003, 0.0000000E+000, 6.2767289E-003
 5.6820288E+002, 2.6491071E+001,-7.4593026E-001,-7.7826701E-001,-4.7544574E-001, 5.1952662E-004, 0.0000000E+000,-2.3375563E+001, 1.0080595E+000, 1.1163839E+000, 0.0000000E+000, 1.2699247E-003, 0.0000000E+000, 5.6095667E-003
 5.6880164E+002, 2.6767011E+001,-7.1843478E-001,-5.7903672E-001,-3.2884248E-001, 5.3202061E-004, 0.0000000E+000,-2.6293577E+001,-1.1759213E+000,-1.1523480E+000, 0.0000000E+000, 1.2699247E-003, 0.0000000E+000, 6.8745088E-003
 5.6940161E+002, 2.6311471E+001,-7.1560728E-001,-6.6702021E-001,-2.8522892E-001, 5.0771376E-004, 0.0000000E+000,-2.4215157E+001, 3.1472762E-001, 4.2896552E-001, 0.0000000E+000, 1.2699247E-003, 0.0000000E+000, 5.9484827E-003
 5.7000360E+002, 2.7575562E+001,-7.2275918E-001,-7.4922872E-001,-3.5032221E-001, 5.7229862E-004, 0.0000000E+000,-2.5711987E+001, 1.2808336E-001, 4.1836445E-002, 0.0000000E+000, 1.2699247E-003, 0.0000000E+000, 6.2684172E-003
 5.7060303E+002, 2.6050738E+001,-6.8291244E-001,-6.9295346E-001,-3.3308897E-001, 5.3987439E-004, 0.0000000E+000,-2.5887425E+001,-1.5826063E+000,-1.5451022E+000, 0.0000000E+000, 1.2699247E-003, 0.0000000E+000, 6.3291209E-003
 5.7120294E+002, 2.6541837E+001,-7.8486297E-001,-7.1003894E-001,-3.3547269E-001, 5.2529824E-004, 0.0000000E+000,-2.5729375E+001,-1.1794515E+000,-1.0173873E+000, 0.0000000E+000, 1.2699247E-003, 0.0000000E+000, 6.3325827E-003
 5.7180286E+002, 2.7017921E+001,-6.8459740E-001,-7.6805812E-001,-3.8155514E-001, 5.5558113E-004, 0.0000000E+000,-2.6110718E+001,-9.6471665E-001,-9.2645292E-001, 0.0000000E+000, 1.2699247E-003, 0.0000000E+000, 6.3282706E-003
 5.7240240E+002, 2.5687178E+001,-6.9416120E-001,-7.3373570E-001,-3.0731596E-001, 5.2198698E-004, 0.0000000E+000,-2.5766404E+001,-1.9799180E+000,-1.8139165E+000, 0.0000000E+000, 1.2699247E-003, 0.0000000E+000, 6.4245590E-003
 5.7300006E+002, 2.7509167E+001,-6.6354021E-001,-7.3084852E-001,-3.8969915E-001, 5.3098155E-004, 0.0000000E+000,-2.6619152E+001,-9.9917226E-001,-8.9354183E-001, 0.0000000E+000, 1.2699247E-003, 0.0000000E+000, 6.7568648E-003
 5.7360175E+002, 2.5655730E+001,-6.3933501E-001,-7.8322317E-001,-3.9511932E-001, 5.2410349E-004, 0.0000000E+000,-2.5040010E+001,-1.6359150E+000,-1.2014334E+000, 0.0000000E+000, 1.2699247E-003, 0.0000000E+000, 6.3016882E-003
 5.7420038E+002, 2.7117215E+001,-6.7957134E-001,-8.0595618E-001,-3.3315675E-001, 5.4847812E-004, 0.0000000E+000,-2.5653827E+001,-8.1002592E-001,-3.5474756E-001, 0.0000000E+000, 1.2699247E-003, 0.0000000E+000, 6.6001161E-003
 5.7480151E+002, 2.6048355E+001,-5.8960512E-001,-7.4753013E-001,-3.8298375E-001, 5.2073875E-004, 0.0000000E+000,-2.6889353E+001,-2.8050421E+000,-2.5605960E+000, 0.0000000E+000, 1.2699247E-003, 0.0000000E+000, 6.7710004E-003
 5.7540094E+002, 2.7212214E+001,-6.0169947E-001,-8.0083119E-001,-4.0580659E-001, 5.2335276E-004, 0.0000000E+000,-2.5824774E+001,-5.6873467E-001,-4.2037361E-001, 0.0000000E+000, 1.2699247E-003, 0.0000000E+000, 6.4827330E-003
 5.7600012E+002, 2.6106404E+001,-6.2509909E-001,-7.4377229E-001,-4.3793860E-001, 5.0794882E-004, 0.0000000E+000,-2.5590921E+001,-1.4328684E+000,-1.2908190E+000, 0.0000000E+000, 1.2699247E-003, 0.0000000E+000, 6.5093636E-003
 5.7660358E+002, 2.7229516E+001,-6.8233353E-001,-7.2153907E-001,-3.8182522E-001, 5.1071452E-004, 0.0000000E+000,-2.4824734E+001, 2.7400293E-001, 6.1959533E-001, 0.0000000E+000, 1.2699247E-003, 0.0000000E+000, 6.2178713E-003
 5.7720197E+002, 2.6063860E+001,-5.2593308E-001,-6.7978799E-001,-3.4153619E-001, 5.0368495E-004, 0.0000000E+000,-2.6275627E+001,-2.0767336E+000,-1.7585204E+000, 0.0000000E+000, 1.2699247E-003, 0.0000000E+000, 6.7083488E-003
 5.7780206E+002, 2.7956125E+001,-7.2648773E-001,-8.1568028E-001,-3.9289146E-001, 5.1501207E-004, 0.0000000E+000,-2.4102106E+001, 1.8982686E+000, 1.9194755E+000, 0.0000000E+000, 1.2699247E-003, 0.0000000E+000, 5.9578735E-003
 5.7840027E+002, 2.5901276E+001,-5.2054877E-001,-6.9509122E-001,-4.9102456E-001, 5.3227207E-004, 0.0000000E+000,-2.4527114E+001,-6.5010399E-001,-3.3197034E-001, 0.0000000E+000, 1.2699247E-003, 0.0000000E+000, 6.0045532E-003
 5.7900073E+002, 2.6691679E+001,-6.0937941E-001,-6.2167979E-001,-3.6828225E-001, 5.2682778E-004, 0.0000000E+000,-2.5434581E+001,-5.0719906E-001,-3.4171649E-001, 0.0000000E+000, 1.2699247E-003, 0.0000000E+000, 6.2088634E-003
 5.7960223E+002, 2.6977629E+001,-7.1990229E-001,-6.2700027E-001,-3.2199876E-001, 5.5042895E-004, 0.0000000E+000,-2.4888349E+001, 2.5730339E-002, 4.2092911E-001, 0.0000000E+000, 1.2699247E-003, 0.0000000E+000, 6.1990047E-003
 5.8020117E+002, 2.6062735E+001,-5.6646831E-001,-6.1681203E-001,-3.0538263E-001, 5.4244845E-004, 0.0000000E+000,-2.3997783E+001, 4.5251779E-001, 5.7683187E-001, 0.0000000E+000, 1.2699247E-003, 0.0000000E+000, 5.8825607E-003
 5.8080219E+002, 2.6455214E+001,-6.5643628E-001,-5.4771586E-001,-2.6932601E-001, 5.1569285E-004, 0.0000000E+000,-2.4628485E+001, 2.0152817E-001, 3.5376652E-001, 0.0000000E+000, 1.2699247E-003, 0.0000000E+000, 6.1371692E-003
 5.8140344E+002, 2.7588869E+001,-7.0195008E-001,-6.8392678E-001,-3.9232222E-001, 5.4499643E-004, 0.0000000E+000,-2.4768586E+001, 8.2492897E-001, 1.0426287E+000, 0.0000000E+000, 1.2699247E-003, 0.0000000E+000, 6.0310777E-003
 5.8200031E+002, 2.5198178E+001,-5.9132401E-001,-6.7314291E-001,-4.3096185E-001, 5.0441385E-004, 0.0000000E+000,-2.4584070E+001,-1.0367638E+000,-1.0808168E+000, 0.0000000E+000, 1.2699247E-003, 0.0000000E+000, 5.9692418E-003
 5.8260046E+002, 2.8179401E+001,-6.5948283E-001,-6.4006382E-001,-4.8690874E-001, 5.4113695E-004, 0.0000000E+000,-2.4198806E+001, 1.8437835E+000, 2.1946813E+000, 0.0000000E+000, 1.2699247E-003, 0.0000000E+000, 5.9818048E-003
 5.8320282E+002, 2.5112161E+001,-5.1212601E-001,-4.4546012E-001,-3.4314554E-001, 5.0994872E-004, 0.0000000E+000,-2.5733771E+001,-2.2038543E+000,-1.9218321E+000, 0.0000000E+000, 1.2699247E-003, 0.0000000E+000, 6.5523707E-003
 5.8380139E+002, 2.6285521E+001,-6.6530518E-001,-4.9163665E-001,-3.9912706E-001, 4.9691481E-004, 0.0000000E+000,-2.4393487E+001,-9.6686699E-003, 3.3646144E-001, 0.0000000E+000, 1.2699247E-003, 0.0000000E+000, 6.2862204E-003
 5.8440271E+002, 2.7889887E+001,-7.0477121E-001,-5.9199133E-001,-5.5659730E-001, 5.3149735E-004, 0.0000000E+000,-2.4190158E+001, 1.6144118E+000, 1.8469002E+000, 0.0000000E+000, 1.2699247E-003, 0.0000000E+000, 6.0948904E-003
 5.8500299E+002, 2.6541129E+001,-5.8885629E-001,-5.7295181E-001,-4.8048813E-001, 5.3358540E-004, 0.0000000E+000,-2.4619635E+001,-4.4668216E-002, 2.7973119E-001, 0.0000000E+000, 1.2699247E-003, 0.0000000E+000, 5.9281589E-003
 5.8560272E+002, 2.6390628E+001,-6.2281152E-001,-6.2303797E-001,-3.5193746E-001, 5.2995452E-004, 0.0000000E+000,-2.5250843E+001,-8.4842322E-001,-4.5747218E-001, 0.0000000E+000, 1.2699247E-003, 0.0000000E+000, 6.3775204E-003
 5.8620209E+002, 2.7090924E+001,-7.3373583E-001,-6.8948822E-001,-4.1528374E-001, 5.3660493E-004, 0.0000000E+000,-2.2966091E+001, 2.0098467E+000, 2.2868622E+000, 0.0000000E+000, 1.2699247E-003, 0.0000000E+000, 5.5479621E-003
 5.8680115E+002, 2.7177579E+001,-6.2319804E-001,-7.1168101E-001,-5.3303326E-001, 5.4768157E-004, 0.0000000E+000,-2.2764259E+001, 2.3327848E+000, 2.5459561E+000, 0.0000000E+000, 1.2699247E-003, 0.0000000E+000, 5.4100490E-003
 5.8740265E+002, 2.6631382E+001,-6.7495470E-001,-7.2116568E-001,-4.7596260E-001, 5.5670970E-004, 0.0000000E+000,-2.4169933E+001, 3.7101477E-001, 5.8992268E-001, 0.0000000E+000, 1.2699247E-003, 0.0000000E+000, 6.1439712E-003
 5.8800281E+002, 2.5830472E+001,-6.5921216E-001,-7.7854365E-001,-4.2565794E-001, 5.4604041E-004, 0.0000000E+000,-2.3476087E+001, 4.1381888E-001, 4.9151801E-001, 0.0000000E+000, 1.2699247E-003, 0.0000000E+000, 5.6196130E-003
 5.8860175E+002, 2.6590252E+001,-6.8421239E-001,-7.0299362E-001,-4.8191155E-001, 5.2446570E-004, 0.0000000E+000,-2.4692685E+001,-2.3410428E-001, 2.8973814E-002, 0.0000000E+000, 1.2699247E-003, 0.0000000E+000, 5.9853340E-003
 5.8920123E+002, 2.7855533E+001,-9.5611466E-001,-7.1989438E-001,-4.6149069E-001, 5.5897267E-004, 0.0000000E+000,-2.3095671E+001, 2.4600335E+000, 2.6229217E+000, 0.0000000E+000, 1.2699247E-003, 0.0000000E+000, 5.5407869E-003
 5.8980182E+002, 2.6006731E+001,-6.8362535E-001,-7.2177582E-001,-3.9725631E-001, 5.6965944E-004, 0.0000000E+000,-2.4050555E+001, 7.8599571E-003, 1.5408893E-001, 0.0000000E+000, 1.2699247E-003, 0.0000000E+000, 5.7261351E-003
 5.9040118E+002, 2.6709877E+001,-7.4916282E-001,-6.8980276E-001,-4.3965241E-001, 5.3736245E-004, 0.0000000E+000,-2.4583934E+001,-2.6654020E-002, 2.4786246E-001, 0.0000000E+000, 1.2699247E-003, 0.0000000E+000, 5.8353908E-003
 5.9100128E+002, 2.6597779E+001,-7.2196031E-001,-7.6165792E-001,-3.5227665E-001, 5.3297847E-004, 0.0000000E+000,-2.4603516E+001, 1.6260354E-001, 1.5890099E-001, 0.0000000E+000, 1.2699247E-003, 0.0000000E+000, 5.7930309E-003
 5.9160260E+002, 2.6620021E+001,-6.6981576E-001,-8.9035099E-001,-4.2651987E-001, 5.3518857E-004, 0.0000000E+000,-2.5355320E+001,-8.1278734E-001,-7.2145040E-001, 0.0000000E+000, 1.2699247E-003, 0.0000000E+000, 6.3560243E-003
 5.9220337E+002, 2.6351219E+001,-7.6331664E-001,-6.9423897E-001,-3.8481005E-001, 5.2813137E-004, 0.0000000E+000,-2.5331504E+001,-8.6828603E-001,-8.2212228E-001, 0.0000000E+000, 1.2699247E-003, 0.0000000E+000, 6.2917513E-003
 5.9280188E+002, 2.6698979E+001,-7.4610059E-001,-6.2806561E-001,-4.0162931E-001, 5.4418626E-004, 0.0000000E+000,-2.3554759E+001, 1.2779594E+000, 1.3689686E+000, 0.0000000E+000, 1.2699247E-003, 0.0000000E+000, 5.7416300E-003
 5.9340118E+002, 2.7244533E+001,-7.7742901E-001,-7.0913832E-001,-4.9685194E-001, 5.4331018E-004, 0.0000000E+000,-2.3357009E+001, 1.6892156E+000, 1.9046479E+000, 0.0000000E+000, 1.2699247E-003, 0.0000000E+000, 5.5428133E-003
 5.9400293E+002, 2.6279052E+001,-7.0703520E-001,-7.8876472E-001,-4.6995048E-001, 5.3340138E-004, 0.0000000E+000,-2.4832545E+001,-8.1422001E-001,-5.1870995E-001, 0.0000000E+000, 1.2699247E-003, 0.0000000E+000, 5.9502997E-003
 5.9460175E+002, 2.5832198E+001,-6.5373784E-001,-6.6081299E-001,-4.6589271E-001, 5.1484736E-004, 0.0000000E+000,-2.5079464E+001,-1.2783817E+000,-1.0271941E+000, 0.0000000E+000, 1.2699247E-003, 0.0000000E+000, 6.0413066E-003
 5.9520160E+002, 2.7267020E+001,-7.2174072E-001,-6.7073491E-001,-5.9234595E-001, 5.3136533E-004, 0.0000000E+000,-2.3527191E+001, 1.2977166E+000, 1.7555382E+000, 0.0000000E+000, 1.2699247E-003, 0.0000000E+000, 5.3604063E-003
 5.9580011E+002, 2.6547773E+001,-6.2556037E-001,-6.4035317E-001,-4.2913499E-001, 5.2315591E-004, 0.0000000E+000,-2.4485649E+001,-1.3654177E-001, 3.6759857E-001, 0.0000000E+000, 1.2699247E-003, 0.0000000E+000, 5.9232119E-003
 5.9640198E+002, 2.5981864E+001,-7.4230778E-001,-7.4350352E-001,-4.2077456E-001, 5.0421074E-004, 0.0000000E+000,-2.2866128E+001, 1.1865031E+000, 1.2096538E+000, 0.0000000E+000, 1.2699247E-003, 0.0000000E+000, 5.5082635E-003
 5.9700183E+002, 2.6930319E+001,-6.4382248E-001,-7.0000910E-001,-4.8090444E-001, 5.2457813E-004, 0.0000000E+000,-2.4863929E+001,-6.5932511E-002, 2.4217840E-001, 0.0000000E+000, 1.2699247E-003, 0.0000000E+000, 6.0976298E-003
 5.9760114E+002, 2.6791512E+001,-7.4306397E-001,-6.1803236E-001,-3.8681700E-001, 5.3633813E-004, 0.0000000E+000,-2.6238984E+001,-1.7340966E+000,-1.1948492E+000, 0.0000000E+000, 1.2699247E-003, 0.0000000E+000, 6.5556814E-003
 5.9820056E+002, 2.6929630E+001,-8.6797104E-001,-7.2490983E-001,-4.5217641E-001, 5.3870400E-004, 0.0000000E+000,-2.3160613E+001, 1.6531592E+000, 1.7244985E+000, 0.0000000E+000, 1.2699247E-003, 0.0000000E+000, 5.5567038E-003
 5.9880280E+002, 2.6500944E+001,-7.1998902E-001,-6.2789930E-001,-3.7020562E-001, 5.5051768E-004, 0.0000000E+000,-2.4491645E+001, 3.6985951E-002, 2.9175581E-001, 0.0000000E+000, 1.2699247E-003, 0.0000000E+000, 5.9804851E-003
 5.9940137E+002, 2.6489304E+001,-7.7145970E-001,-6.2549411E-001,-3.9347092E-001, 5.4203072E-004, 0.0000000E+000,-2.3896969E+001, 6.2812019E-001, 8.0245180E-001, 0.0000000E+000, 1.2699247E-003, 0.0000000E+000, 5.8065786E-003
